1578082825
3230879243
2613214415
2428733988
1408294633
2324128304
400703948
3300497986
2360792420
3093958562
247121081
488669140
3180265517
3149317209
425902884
632308321
145583284
2438241031
1455117540
198859248
288441724
3182190665
1483299756
2823317613
2960580652
2931021585
2355294621
3295590526
3056573804
1554233054
861784736
2267197400
587380657
2869125825
139198282
1557721236
182978952
1617663259
25300494
2967617620
2283941400
501111644
3133191406
189991294
935188135
2470862060
2400010513
543804360
229946009
3300521493
2953801510
2813390505
324761018
1468619406
3028089857
274115859
708984757
3338298293
2826531256
3186645832
2269410145
1435111080
3108807773
1056099690
2365775750
464186439
3088835865
1278356076
295216126
837395797
89407359
3309923481
3115265481
2274399720
1673675828
3311174254
916764116
2971850656
3093759351
529252052
2367788019
2331905587
3236542976
2430282864
290680978
3051132234
1657980030
266119696
3254744199
3070173701
3318534551
3039586629
2763943629
2321075826
140005190
1852301395
2206435143
1086733944
3134264681
2369370511
2879658359
2411166604
3309153340
18841086
223401306
1516642140
3305585488
453948496
403162423
2471732741
61420820
418988777
1531645224
2636989576
1898068646
234367623
159374570
2656469315
3240493421
55931558
534923058
3093765956
477967998
3107775161
2575072295
298420496
937928418
1655474942
2926914088
487660641
3134514717
234835535
2425831956
348969538
435713225
3295391110
431685975
223648892
3060195898
773522234
363668882
92228488
632921874
3245501236
3133367361
2219184740
299717804
102347995
397173386
77979777
302810710
1638806893
261213337
1136775710
1395583021
3340104179
477141373
1667019888
1398313700
2391584437
2760829047
61459857
2161784431
381499746
479002214
92289371
2889219268
324298343
2175861430
2501229938
2930380084
1512907189
413049824
108722820
2242689398
1480337244
326736769
197727842
1534842866
3206049900
1506556543
3310812095
321693960
604002627
2825894841
318675850
602098064
2250433248
187935280
1339363435
256000330
2820393501
2721640627
151500812
2907606317
2662686115
157776558
2425598824
155269276
370722387
2814755311
2898164351
1216740818
1492382737
1731656120
211646555
3138451690
256442158
2948707541
337634665
2341069697
2536970509
3152710312
3035225309
542763865
88051224
1596115681
2850598136
2989496431
2860005897
1935681498
3067362321
2585116138
1271980398
2734417245
1478321059
2889026057
2977061915
2820740140
2802896231
248655424
3221160586
3137052436
2312676440
2402005472
2849671287
458354151
409827769
1055987730
495171288
3094713861
2169778733
3159269224
160705185
386261169
2688444005
2966390097
1734803929
476129032
255904898
1043184234
3310601176
2957499202
2160287471
799876956
607215195
908305256
264763123
3307124392
485639704
549262995
2405594259
226884824
1063962373
614541245
346525975
3300662871
2738948925
338213819
1416025566
441644377
2282116112
307991571
428841793
2442256107
496123353
202295472
186013697
2819730768
125322253
740930114
177187090
3055703471
92986521
3126870176
3043554742
3129482685
2809094293
131137515
2813913383
324394039
3005418543
475262479
2901041026
1480651020
807622969
306300519
1613465966
400098623
2370511778
1319028218
2940995901
3228536823
349894042
332796294
537517677
529246050
3291576141
2450429919
3288249345
361400392
2282535014
704486834
2453029823
2155672412
2387361427
3131533629
296695166
261318029
2399962264
358965839
1592070637
1965375776
3300767441
3121899232
320159832
2870936938
2706954461
620935273
3291838887
2270585604
2666636011
2225934435
548543882
318384101
2823128829
336017300
1010175931
565516464
269379208
463622703
18607423
2830526400
82314509
895723237
200537641
57371793
273648929
2664962855
370285911
478234954
2265541635
428533317
90832668
548272277
61475946
367705932
229487149
121826958
2922868647
1694948700
50231784
1690515350
469393101
2569394666
228163594
471388637
2425986421
1593410155
2354363002
2816108855
2491450418
610705403
3300930309
2170741113
1219035668
2457616865
226915422
230884991
3056116541
2453476524
180441198
2200919997
333055199
3342833007
3091478521
545146690
2738840254
2866130302
943747681
2800740563
131816515
987000806
2977814471
301748327
152621713
2873735931
1480729566
2972683013
89165524
467310608
337580652
3308377246
2835531743
81055653
1074847350
2243848588
3262202255
1729773516
1155348974
1020184040
2489610818
602104395
249337809
3295197825
1919452183
257382963
2849619365
1473039127
1473199284
143748730
989512490
318066060
2507010778
199999545
1373158950
296853721
1369700779
3131488024
1686894834
2968219365
1208284759
3037950275
3331296370
254102505
1038138554
1625618322
3073976679
2567026829
2329930457
496762984
2956232351
377983356
1596554270
1104763698
3010462265
3337373938
2727112811
3138891399
2646530890
230435962
2734487861
1894132206
2747101510
469755554
2948707889
1476960972
3226957798
1286464922
293580185
2813740955
82957701
341594336
791930078
801979705
3147368051
2647809286
2821222025
3234270117
3312091571
352284402
1494088338
711294554
3027734419
3302546103
1531109664
3306133547
2796629637
3010107401
3147482706
2827549234
477870648
3021693017
980101447
78096961
2287455262
461099597
271368523
2574885724
76424015
2592851357
402345111
2710496708
968851322
1288644836
1517039612
2565938464
2219263779
3141527907
414128153
2789686678
794363192
2965856032
3160958913
266501657
459214435
3305157970
553894428
2732758276
1393301846
3306720514
449628989
2971370008
1454284777
3165872216
1931991457
373261104
2874121663
1716803791
709124770
21697228
1423939694
3342560219
3312284721
3044194166
3311201926
161037892
405387961
1009740732
1470586004
282090295
2837399020
342656294
832946244
3248173823
701472746
544330009
3115742345
635650158
2293151024
2401041170
434747238
2216268045
3339962931
1514589348
3236067383
2518761755
424566105
330507395
312229888
3111644488
321283148
250676182
2938935796
2703822957
1376392560
283601264
487660585
2824696965
539262532
1716638810
1421834126
1124374820
2832479888
460218055
1436707453
432800164
2930136232
221170045
2849840864
1238407723
247180060
3314946713
2495707426
3093245980
435022913
2819802593
3123673699
3084202864
408618373
288168024
2615424758
3306948435
3141884825
2775697943
613420465
2964721733
333339378
572708831
955939099
1511275538
189473615
349287474
2496096144
3088796109
603542476
3043381677
2464744725
2787238258
2927125245
2922916125
490417568
3061706681
3323565345
222153461
360857595
3028686497
204331196
812919912
2422198535
34970828
3342148618
3291734879
2700939031
269222535
1595242284
1506038366
3309758691
315389482
3311658345
2148815252
337945290
1625152555
2865384167
406139405
2661072491
3313100511
1409839926
386140416
297299276
326006982
575427124
934635102
1488196764
707047694
2830113500
66362260
1288647019
591742941
2857307968
2808943270
2950466013
391656851
2737183916
3159164668
517915009
2405960848
2787092860
162854803
118400345
612897440
21643400
2704423800
1335979652
557571130
195274292
429895867
458533827
1598654538
450977954
2720018981
3073962428
3242072848
1546626379
2984184021
3303636442
339845644
3313083057
170109701
2985888856
2329426460
3314942883
3310238908
295863505
2882277809
2780216635
2287233752
203207506
356454839
2447618674
3031735394
342957283
627270851
1160425063
626471115
1568551922
2799494937
2465327433
637009702
3131711229
3064360264
3107505562
1582846406
3043922668
86272073
613009782
296454539
399078759
3182229585
240627703
3075524397
462201842
387161389
1386624013
225326252
2773780093
3256247345
2255399330
3126719943
1015074896
354941385
422037961
2271813060
383660696
222564497
3067687198
3256636955
2571776029
202167226
3082398881
854201910
351094924
574115076
2355378832
2747987039
464638657
2912476473
272908929
531280323
107220280
2999682370
458785146
2846001693
2345745334
1952058576
235692936
1533899690
2762822781
108010600
3060099657
3288462490
2505209053
186149088
436556288
58459318
155510368
1290698029
460601641
