2372633112
1912511738
400703948
3116059977
2844289835
3093958562
2732716061
171844666
3149317209
97072874
1487244842
2426165738
304481046
440814273
3251876255
2862583055
2501952158
1562323728
431905510
2253931939
1857201764
2992273277
1557721236
2281093819
175030001
3386247701
501111644
3422438465
2363309526
575436436
216761200
77982497
2209198321
3424816630
1557736586
3186645832
193075021
2882566783
2737110163
3291594075
772690712
2948609673
34696997
1387158674
2560821239
2842696024
87870488
520701819
265931187
3298980653
285530330
2740179193
1211823487
3291746975
2971850656
3296159942
143514565
126384707
461341334
533270228
2844505489
855115417
3048997779
3125943199
2904907816
3432964695
3132685784
124703802
3387946523
409646880
714960406
2195919473
1723375981
1653663420
348608184
159374570
415022409
452439121
587355346
231364334
1153392679
2757082275
526076355
3309783934
3311241526
2855392685
2211929249
1330979172
451604988
3013456485
1069077152
3143904875
1155276559
103798796
2202862823
302810710
394699099
3332828843
3387435681
1163798149
3308196917
2948472021
1476123595
2775755429
2901594017
408711434
2249240551
3096668415
2899779135
2200031437
89398293
340210283
324298343
1107515358
601797495
131121640
278030162
2933781281
2849377352
232828062
3153825509
709518504
1106058158
245495323
604002627
215214043
2314632929
1479971424
1332907591
2348924042
1475133480
229912134
3104648854
269475072
370722387
201879781
2337291122
1596554270
3240281535
3166762328
493991722
478025938
3218451563
2850598136
1493611808
3158494395
143688280
2798012915
2770216413
3156363805
242695018
583603371
438736500
3123647601
819881474
3094388537
2253220543
212037889
1074030690
915431612
1015835174
291676060
2770943949
2860663523
533360167
203207506
2226078356
1893088842
561538689
3312557741
1403758243
2343858673
2257107624
2739882808
370315342
463756456
3240468755
3254364449
2915784101
300129711
73770093
3201153712
2894852981
1366566918
1365597492
3326842240
2978196753
202157790
2259026171
3325132821
69398594
501663381
591072546
543804360
611667293
3436153030
259306315
3043554742
768131000
3292618088
1572442344
465972562
1708027032
1680947059
2651130272
230435962
1474359025
621749229
1550156580
3349189853
3103431988
355046346
2393172853
466979440
3327282407
904239530
450227667
3336681058
915053558
428533317
3292183255
2927164785
759390350
389376559
2893077467
3127925786
620935273
252043138
3297756658
3173277087
337039823
103722081
1112103505
1541746326
3209148831
1511838349
200934574
2233622502
429431318
3331284077
1345097756
82314509
2865814672
101846891
1024115408
3356689624
618132505
711167732
383988627
2302025437
2631025163
2158651244
58758877
2188146653
316395021
2255716638
3298491520
371415073
406334518
219312829
3334607039
1610601522
2482499375
3050453079
3388846775
1260244585
159897789
2999959635
147707273
2401878886
2968355357
79446239
316995773
333055199
2425167486
3250429036
447355654
2801613189
408011631
943747681
2865058892
970605084
84729044
287871034
1016020195
2962267973
1169066552
80248679
787872625
628545424
3020055794
2489610818
1593549960
1027275385
536259759
2730253612
96416424
460296793
488639607
3314839757
2402460142
1640081870
338459738
1561567248
2711355406
1140284604
1241567634
1038138554
3317846890
749482819
3296676706
2213925709
479741629
636639391
298138063
3093724572
2620582756
212734588
3157861862
2843989177
990991909
3372238455
3165936161
70439465
2237621763
2427043579
516578419
3344399205
536676261
165095605
371428160
321826669
2774696727
1633228044
2473887625
582045259
568287565
460427367
2218286456
457779786
1492351093
2763113684
2821222025
338638378
220706699
34684660
2765750414
3047271948
2719813065
1521715026
2287455262
365530371
3173184947
532503702
2985289257
910423782
369515886
619290682
183400916
98091273
2249714820
2911807510
2902179701
2647331531
3420101667
2890923400
328538178
2924621030
490531498
1931991457
81105653
3350831079
2813616447
3018889707
1472272298
2267780348
358073614
2361778250
3194309326
3111161147
3128023718
1521577586
290138719
208448273
2313756356
2821245022
2577701777
451329451
580165760
1455611089
1645438626
2817387692
2431725890
2676291485
2828673359
3160664651
2793891712
616520443
2820060195
1085156197
2342757877
3341556585
923437926
476972967
358716654
2460513652
1129293402
3129176600
88233012
333339378
2815132320
3032416787
2539367049
2421114259
332285974
2722064703
3051029408
721063448
2464744725
2780529557
352316297
336591642
235917377
515860097
2913666833
367943252
2732485567
3238615013
389408590
359061335
3096678514
582155062
713135569
491453373
2414809782
3067587681
248588676
403162423
115922491
1159754514
3189962357
2512337545
3103338340
306980458
575427124
3344318026
3410712502
2444048317
398236600
2814749819
2252269920
1101076759
541168952
1524048494
3047413161
36621087
2542763812
292870128
3389611852
1513160346
2726709239
151098424
2494080390
2569394666
3091396799
2909947445
2987300879
3397711583
3344577634
129163720
86272073
54150130
1666321074
217746443
2781076258
3074858477
2447618674
390579613
3291038948
1537462993
3409000763
373521009
3329327533
1975452403
565726567
3292529694
1415225060
3364479551
2504704696
2979582485
375488799
882043698
2602421274
616381832
568135277
482895034
2370898580
223558355
3099701272
175994113
2370683264
490417568
2304569733
631134711
3343842837
3228982617
1085652174
3295633940
1015074896
2567638879
2255519558
2304807914
896424008
3294358287
3331673086
1907767706
3041952975
1180302530
50326644
1089560461
2583752684
1543102704
2906520154
2212181196
3414845225
226863280
458785146
1653977828
455614835
56331532
186543452
1176722790
335338845
576902647
310400553
3235556619
541411100
146649217
383743067
3233533342
331769861
557680385
292667752
225019786
611978649
2608369607
3182190665
304635457
1643641014
2258899794
178642029
3426694402
1849320067
3093060808
2470862060
2864490874
293649950
3329067671
593658329
266222526
3026462044
449401620
2269432710
708984757
983039064
115209705
23930374
2765094622
61774557
3317266853
350975773
1870756897
373620799
147522782
1516236390
2574401909
878906264
2496214388
299872165
1259493824
761832404
2993331688
486051369
2989280061
3419826851
3318534551
240337796
556853092
429053199
2753325250
2501663318
2784086180
1463285658
632026990
73336558
591800837
336407143
18508313
67813133
2847072755
3221399056
322008929
357106268
2905450509
121088410
2645647315
1182686814
3012173320
2328059781
3235007273
538994116
3179604210
163037603
2906755426
3398538064
183575499
34880928
538129252
382715412
285112321
3170982405
580363460
134776647
342181723
2351002264
3380708650
1530915541
2331905587
281034199
2949775125
1907230081
283439909
1732494252
20522439
2332980630
47135075
2935491647
605842898
3047907822
167449711
447390883
2274786508
3312182957
2996805866
3224168201
243221827
3243881338
397556661
1273196257
2867917530
3420021670
1635576776
2930380084
265712780
3037470005
2402310521
3109989856
295051857
1132162543
3350932071
278725947
206985297
3152751201
1400169241
2721640627
414218521
1228333843
771117878
3454907956
2787003514
335824661
213380286
573927117
3076563525
1369642489
1327447831
1641316754
409209955
3131118719
791422362
103847390
256665334
2428749085
2844435077
339080135
3348981099
2999386019
97196657
478587201
2887538939
951528307
3221160586
943532071
2984184021
2750421502
3022229829
455238006
1595353974
3296982050
2830113500
220757808
3317445694
1681152350
89165524
411609545
761112612
2980802901
853584954
1443896132
2428443916
612004566
1562600334
2254800189
1506038366
607215195
485639704
2541559094
2804510939
3250199594
908817943
2753931953
2737598182
2923163785
338213819
2467790036
2899223921
2762822781
3430638562
415067225
2964563776
2910107578
519872954
2738296858
220041908
1381846224
1566671556
3009105886
1886537312
2809094293
2623403551
3323760670
2870587037
326736769
114485564
1354362714
3145055008
3300271031
3460638915
201134737
3046597601
353706685
2734487861
3030894428
2723645321
2904943065
604448176
286610762
3115257161
423350067
307826155
1403019529
2155672412
739510476
3124732383
3243919091
3224642422
2769152127
563549416
113998825
316123282
1478251754
466863989
2634041249
96939903
1628313607
607312231
2436472067
551138837
253050797
243379347
337799449
2767113048
333506611
3072454161
1957624105
778233644
2242097168
617030804
2957217820
2830526400
1073731574
2250433248
2983996006
1474952624
2151159151
1525465692
1358801052
3170598526
2327586357
2817348755
2685716804
3289256217
1386624013
2651603614
177701755
3305788631
2469879611
3317442771
1022014681
3415621179
1584091604
452409667
354247088
3433148278
2999840700
1545064328
2797626689
2744439231
2879590935
239318076
3356921560
3317487491
2968236496
242323482
418391580
95210476
257941615
1324174358
463863474
3153585881
2219949295
81055653
2878531180
3437387944
472159641
3312117496
249337809
3051494338
329054241
362197116
131137515
298396403
2867955861
280237287
75240555
371398125
1091410057
2863058453
3027258759
3152648800
3052807382
559848172
2956232351
2772433151
2444573443
3162944392
276691323
889879512
3389765848
2573142265
2721144345
338454527
2355117897
2260094977
1582848648
3338399380
3236253062
224703102
984295122
2980078197
3201310786
1160402592
449731342
96231367
1539832969
1671082351
2505631656
2481547588
186064241
163798019
276621506
2948526945
2728896057
480444187
1543531909
1142645942
1938701305
2826970679
3164951608
2369037194
171587416
2836971039
1477997090
82059399
2956366547
2312426474
429931968
504865498
484807479
2311461733
3037049432
109565153
2917959592
164999878
235357696
1658788322
2726157245
1716803791
576948085
1630750560
491605674
2903528878
1307455387
3043267580
2930405068
354941385
2212980222
226935303
29995610
2833529181
1514589348
216516780
1478259224
2231868108
2821887672
407134542
714016052
2409394081
2636383963
1376392560
594835392
2170947480
3052731522
259695513
222564497
716970553
2180582150
304965508
482277933
1961113717
3378541846
376695917
252670819
587660842
2270303078
3093245980
435022913
1626314226
397219161
281964287
3218065252
3248716763
594853724
482890039
3434922484
3121849916
3317039464
3076776476
2715021700
1219863619
96397742
180954805
2721202876
3035529923
790154412
452010892
220311703
3309758691
3040667463
2557647626
2316860024
1480365643
3291734879
2877229726
301000780
2408781523
3371515840
186246677
2237757150
497002340
2749150187
2724535142
1632669680
2774991741
191767040
3172979818
118094015
1451163074
3033432407
2853820829
2313032002
3335647079
2336545801
1020712304
324886048
1487782165
50821860
3079651695
615099091
604313141
606199921
2787092860
205893227
1904207324
63394507
296817708
585717734
168426076
488853524
3397376649
2886029303
2867540891
894127532
845495948
1475499896
3348758435
314138510
3071173073
101570942
1096467980
1020314798
3360053907
345839634
173870065
2612035840
1166076925
2502329424
2385138778
321816458
408702985
64998117
3437227330
445595680
3428368839
555819058
1665134936
1514746794
2738840254
75293774
609038243
2812858557
1901110724
2592851357
2265029148
124884842
3351608457
3150538822
3371361167
3302546103
2382120823
311993560
3288116145
630110726
2385733243
341470033
3297624891
1596781968
2953128845
3325369817
412428415
3216632301
295332583
2846001693
337104126
1533899690
464186439
544333831
728552900
3231416237
3240221044
3023030514
3372060759
2706537690
1610627575
2888350511
3132899442
3386439772
1581908221
2999792985
3298522603
3006556065
425902884
3368307873
1451082648
3222595441
2734367154
295280183
455691369
454236940
141544144
2265747926
2334898298
1148665098
2353212387
1559826212
2869125825
520606704
2583982747
2880087658
123987210
2877135494
2712873563
404396098
220281460
308678498
1020170198
126465561
3225669875
277150577
2844928036
3300521493
2746703833
462417085
3131626437
450430864
382637937
625414559
1467541484
1475470652
1927671576
252271560
1955305454
89407359
1129794324
2365356589
187861284
3045315021
73387846
845373126
1715552724
481180476
2535255147
3126313835
385285650
347677087
3048194383
169662389
179988211
2214519478
597541785
2285708756
3243336353
1627025557
3304094639
804399799
3419967879
246514104
404356038
2902643427
445616519
2656469315
3303511929
2825872067
2875412433
2958376647
2938802818
253152993
290166917
437607186
861089395
1729997186
2151426005
3134514717
487021816
402304833
798976412
2517163674
1773790304
3028087606
2934073354
3196065915
3028686497
290680978
384768444
1439778456
576268266
3296027126
2507635520
464198773
2499326604
2937146313
3119773065
399416141
3298460207
2584797956
172852480
1133171965
2888939205
3150323684
479002214
92289371
270948276
3039632675
552307042
1944817790
2175861430
1129162640
3317470443
2931694793
2902008362
1389551570
3245455340
757034377
431857099
197727842
498580815
1346121950
264064477
284032922
3454996456
321541074
402864349
1585893344
396039883
2735370946
352246138
2947472507
2820393501
2151244135
2494663303
3296026528
1875577350
3291046241
271844241
498112951
97036335
2218464121
364278115
2939683444
1901429058
3177141105
456532739
2840593744
3295366942
215240946
316339055
92531416
245286936
3310453943
3304537631
457558762
481399356
2835876788
1630599866
117829156
3131655771
225161828
3059376429
327432981
632244642
1341418304
362516653
3002760593
2855193849
1524524293
460204705
246161103
2605265312
2190795336
3028025111
318802426
3307395167
702079895
1882992156
203576115
400682421
3235221497
1149341984
1327134564
782780454
104753567
614541245
793144261
491113598
337115444
3360554363
2932835906
919475088
732511736
3432041074
357081131
2402127265
895339770
2416085409
2165084852
2219342308
2858923485
3341738931
2934071212
2297932089
1000474610
2906522669
705002564
2812596972
433568236
2237801562
2391849144
3043044796
1269859069
345593327
1673181073
915679748
3049867669
2450429919
1606790300
344937563
418664573
3114389026
378230355
72322413
1233783650
469191157
3300749841
546434568
1541196582
2897398912
1028453594
636202533
2818953881
949713937
320159832
3370958644
1267131205
478631762
1019819334
551271276
3340844278
759113478
972680682
30920048
2476063274
30556334
2898477940
1416451790
826213772
3129000658
2907901209
3291450718
305181099
2815443520
1623545892
945451129
3241831397
3391579539
2806059657
229487149
3119580625
833164272
2457962350
904579346
2735501154
382862348
610480266
1427316690
327926817
311430278
2731240198
2159352059
169902287
2410400876
1203428737
3090620726
462882070
467570190
3309687550
510397034
1182108997
299856002
2931073499
3302115610
2467679348
1485866137
3312828485
440387102
2606925831
1640632176
2844891188
393639816
301748327
1372401745
547017185
1927209062
2280259407
467310608
2943672345
186340370
1380131898
3300767441
510924451
603938755
2547616377
209180867
1729773516
483768463
2385157542
1216806462
184026055
3142511387
2738974893
2472675619
2911911190
3342626889
161413366
3368275984
3290266644
197029930
2479376416
2348415800
623765475
214899437
3355998310
1069178257
1442536975
2411599254
1878453624
1329016159
1491403466
291169307
1937374638
174228992
274696032
708995449
2792586969
2499536125
2994299153
2646171056
2887243187
2241722812
455022986
705236152
3407754723
150995339
3079570085
441067131
3397389557
2879805098
3179668177
3312091571
2199822075
2823131524
28104631
2484921429
2528006984
2876641587
204046411
228818602
900525506
3380968996
1558490664
275534532
1014046165
446564084
3335032271
839436470
188071318
92981375
559363470
2353428764
294189186
3297859511
2228540020
2170287144
436175800
3325757501
2252269434
538989604
2885882217
3360626662
2845420376
1493737640
494417806
324983817
2177956740
3297602516
261414756
3309192243
3088869929
2904772119
3089885813
984917070
356231001
293478964
2849840864
3025580387
343730885
3002201003
370285911
2925655090
2474197158
2385592975
3406276443
3292823610
825252162
1490277607
3002219115
460218055
3042201382
2879719175
2809323206
3372110470
109292013
1154921618
110418781
3044858209
3214163924
144773706
329325324
408618373
2347011234
2761005993
3392984393
999813834
355786380
1511275538
1198835713
2742198541
158634590
2867441375
160870124
3089873585
37942192
484890547
2574560881
3149404696
1483531808
3311936992
3138826715
2784588904
2260405910
2262418198
418988777
3316086634
1543790966
459287944
2775794591
3315275455
373866006
397339841
2272160719
705574704
3005167168
2731238526
2353557590
246374697
1451176436
3309882562
540353510
1024390819
315056888
1208782782
2421003619
232394988
3041293527
106720937
1082766968
2769913120
1488367482
3346437825
296684343
3004141115
488654305
2515787274
1600622334
421297773
2544523932
312229888
864677707
289219600
2834292953
180861719
477831880
2530954094
1162326204
1169494573
3178046033
3205061439
109099014
630864686
3025575373
447089767
3470163675
123641573
1423275865
295052428
2863450746
3347289795
2962967099
3298158875
285052840
340881933
3297527667
2933754167
3034967789
2537291240
2784347687
2257902144
1321946197
315799468
2894493677
298147487
758174960
3075524397
2844774913
104661012
3004256099
461099597
3055394645
1505388530
1560978710
3070432743
3309865912
3372410289
95098979
560521933
3099142473
2764218508
2853786335
2408932167
2940617356
2220285007
285030144
2396825511
811365673
2955302633
1085869496
401213704
2816771177
2777537827
1163150605
1549087147
14583792
397448898
106069687
3157935160
426681229
439526258
2732190492
58459318
1479076789
2348708155
2384046224
413372403
2864465930
311898670
272495871
809366208
198423398
1027432176
119035252
172071153
3403487969
316659474
2293029992
500713859
1134896059
1033167146
287176836
479574910
2580964235
3295590526
591667979
1485045703
2449838930
2415632715
2245073165
3234344045
728304416
1193666623
506651822
100339545
358250869
1593556519
2798365192
455081098
2269410145
334165261
1435111080
300200088
50231784
498896925
2247882824
3088835865
2832291495
320683311
609950401
385576286
2729156560
3206875179
3044022460
1454553103
320894399
3379826759
557852579
238290288
2866130302
1031351828
2976589241
2813368283
3254744199
117414964
362688099
149944117
397013972
3071806761
3341986083
3391333247
2676539094
1052513233
439164016
2278034108
156926140
2305970662
518497866
2425645091
360857595
1510053745
2160012651
3133878249
1492765020
3361266969
294096285
1486117975
2764713142
307217756
603728321
477967998
2939746611
1598683560
2289858708
74096618
1591832912
2252433130
633214396
3315103318
760110096
3252218261
599979204
2993775789
1963313012
91444055
2914132188
367254028
2247904831
288944669
372995715
714206569
2425889318
363668882
3257938287
1487536166
475223710
428536891
1014911438
3160907554
2949118277
481506931
465523640
533142022
2468356586
2843582199
373287329
2312835172
1257791654
3124173213
336637994
413049824
114776514
2378804851
2997628515
2802317054
24851444
3131533629
3207492401
309715953
165255622
2906901956
347864086
230779930
477040363
329936182
289833387
3346140039
2534136695
924895584
1530716234
226153494
3360265475
1573667240
477790375
2850814814
3302487496
284681921
3383249297
2315779345
3026447836
1495487300
1015287943
2271801716
375789321
713052458
1054745490
2735053045
252805573
717866414
1443609817
3289783798
3026532637
400054640
461321507
3311155456
2868604349
1242158815
3044559969
2817357659
2938252871
2905311136
1123040371
2426117684
291248868
147928381
802809318
2453802608
2878147475
1218852600
493672219
1531930052
2164731499
3305528993
2855247107
2998111019
219228416
2223887024
2362899509
138274832
2418058832
427582386
1917532819
73095985
3017589633
2531038341
3161287558
227521339
2323485927
2980262879
135826220
2936976195
1272640964
320391141
2575908587
746309162
1891758463
1102478588
3345497381
288422936
2718975390
3148923459
2252647110
3300575992
863604295
2546611880
475848193
255918190
1137851832
361400392
1527217502
341012400
434858427
607415562
1426305764
2491249674
1893131532
1944580890
1490553708
535722507
3164237807
3039469890
421016890
2504499605
424959550
1489568814
320399379
2476072819
88070557
515233484
104271094
336017300
3288217475
555446330
611975781
379713382
3116105992
2809020018
391620391
2531638954
2216105712
3259112511
2535967434
520386107
1972824632
635528335
2962864187
2231469333
820013772
121826958
2400600602
3334643427
127869530
296689903
2293541003
2331538522
2854214872
610217819
502017747
64753254
3234280539
129584001
3329590234
1715071968
319788385
222391133
2676900779
2265803281
3351535247
862949448
1510610172
2678973661
549246834
2959091615
800920284
2495677016
324028201
2829495987
2756280802
2242473247
532333893
284059919
618971134
3406944159
152621713
1136775710
3136033299
1488110497
379050802
388782403
429010502
1539455227
3398612241
2925136550
3147413615
2186693799
1473039127
3014513511
2161417333
2973886497
219235867
95387650
2744352092
3395969349
431124919
2796201416
198819493
2290272962
3215659292
3383716223
954231199
3074580172
1924196132
376712723
474439643
3346489372
1230546746
2818564405
336631816
2201009078
268051742
2400569024
2725628315
2397449433
1280352283
200823328
161033959
93826469
2797001602
481447234
371566441
82957701
145554878
2675391460
791930078
145961174
3374594411
67918993
397070910
2838369239
3221522296
111074128
405119169
2190516172
2987699609
1531109664
304989726
3180084444
2391256116
47767468
299273744
2149088808
315822509
2983187273
2574885724
3027919839
2817543269
127169382
2802150480
293051436
3317892796
2965856032
467432255
1901605262
3319700278
373389796
1024252304
376104012
2849017913
1330020974
2593133417
3202337272
3073497857
2348543733
317668612
3228627437
431840677
937945664
1054653462
398222864
3148666197
1276489796
295055339
2938117259
266732933
843886686
3384382643
350212146
3298281253
318003177
3331252409
2562862910
717906865
2404850696
3223964961
2243638581
2572032651
2415018825
923478516
2293995963
73199883
715636789
2523776842
171128445
3331677579
2248789132
2171975250
707586580
336423487
580100112
1599131412
369072513
2379920015
2816375674
1051359804
2314187546
3260419974
2973763234
152714820
1116632077
3335653678
351801934
2719232283
295911611
1511112942
2644860107
3347449163
2356346996
464070249
3213562449
2511126334
3374305989
2147575964
94366694
2785887928
1651254146
2988957996
108277140
2310693948
266050661
1644571171
2931910439
1896297044
222153461
2539004591
299287265
2385534037
363068732
560221850
389330324
109102706
2429067668
236044622
280946235
553506148
3129408434
37894015
3404786127
2740206909
2432484163
116585261
2999673803
2428733988
1213613714
153776534
1930243724
3228887919
3426523403
2604521237
2958397037
2698958984
1474827979
495184623
1642852362
391656851
320305380
3148679342
155544242
107070694
3051503521
2915175873
982229282
3136549522
343415950
3024200164
3321404627
2261597934
955464150
29012780
129340636
2329426460
309008228
2258113851
2732826424
980893285
3313536477
2513090643
2387688320
100042564
3369588591
2390005639
1488757914
783279714
324420624
2991078251
3043957550
167979857
332429531
68943527
2792222948
2738282013
3242669537
353569225
1700041920
2940450490
191591944
3387564796
468830082
1651618746
584015089
3091481993
171488615
304089078
202167226
1661083646
140059353
275191905
256523217
250806974
585153644
53864619
459791249
267335186
3141527907
1735450873
2364507217
923942588
3370936301
2523614962
2811385216
420264776
553502881
1480372651
1631324869
2400304250
3303945311
3260836172
2799723422
324640946
3170489163
584005008
51023237
3020199172
367043235
614156251
2814710098
3303139979
2933916685
454058118
265537728
3429595024
2984077096
2543113734
3124530415
1455117540
2787648189
601936445
2951157893
488601118
1367374489
3241017208
3416512930
2425598824
1695067530
3381726069
590983557
92753961
1559227878
3028167693
102000765
3401695439
2598230036
2843871753
517723003
1884525409
1307337626
597724682
596342196
296820639
486493121
3388179645
410281678
1655279419
3331468343
1171956012
410867210
3298836402
778711021
3388889493
295216126
2969488835
529506882
302797604
3192820595
2437286772
539438367
2302285268
236147417
212510903
2500105910
3298677364
1530241206
3045138066
1931193102
2292343723
368473549
265687566
3255991696
2940700919
163799266
1570643124
61420820
1584181934
3200008019
2266356673
3395853455
1662605322
3020017758
2801946203
99925781
243568768
295243012
2245333304
2847283130
3311201926
982112497
775510890
75798268
2724279737
364835159
2306287327
1647154226
2969958952
50555151
221497839
1860670519
3404452804
3084940401
2171782696
589442199
397173386
2942227935
384499559
3295037225
2551053900
1160337096
3178775559
2928171304
3126662658
482326570
628377874
792134072
3100405283
3030945045
352543880
2247940628
3128952340
833978515
1957499384
355808825
3052826072
99535301
3308628646
954828043
550199380
515609119
113425394
162311907
390088453
1371946056
3299230937
566375969
551092408
1960960231
2850340043
3197610058
3290418896
3131711284
545002775
2958218333
2570768932
2231298876
3401189446
312623639
2782292663
3066443566
2434092129
1002066278
3305488186
799085143
926265650
386521940
816267122
3286820665
1582653446
3320879189
2989496431
2420251572
3002989733
2288106409
39078389
360428227
3187115591
434953258
3236501593
1356594236
3157078121
3171601756
386261169
3206404443
3064104969
245011297
256188868
473364279
305211583
2348842135
2426104170
226884824
2824681383
341662143
242278942
2575621397
1088424864
3317014413
2891787827
2905056837
383718707
2570662414
592901685
2862650600
2344908992
2511106580
3319024733
2980810374
1937516172
2303585960
464996449
3143585122
2854994092
2802661847
1530774432
335534597
3005418543
3035712736
3047496874
2561612504
730408326
1483940124
3395917545
2940995901
3337987247
151616152
245074961
332796294
1578399098
405634768
2268578070
229417601
1399224140
858782670
2916605321
2767014826
382263846
2453029823
2284363417
3206855758
477609619
3322986137
228163594
2309918512
424718600
2281876385
476217957
180472652
3288158879
2620949139
2264214981
1528997922
1392372877
3010825202
481973608
1969511490
463715301
839689344
39445836
3114403941
2816406244
2875469818
1291630039
3259943000
2765699518
995724439
295387852
1652893872
432800164
1639997538
2930136232
743216322
397494010
3101832707
3384702237
227476438
1339129352
3297816735
575619920
2890728989
1014444276
98196362
803338100
90422530
3179589760
304534342
1225072938
541300344
175329454
2921545246
761005147
2417239604
414655382
625940294
802842918
469593001
1457354030
312834792
276550865
281978370
3036618611
2998777102
102988867
2972787645
944187542
2656626447
2858844323
2407261601
2331588338
1289809771
207403106
385962362
3374527672
327310127
2719887029
2736557333
135828955
381436117
2267206604
2254090668
535230080
1229757654
2896317983
563539133
2706954461
2565955536
3217402231
1198486435
341160304
807197150
3090945563
1560403886
3049678021
3231679377
2497064221
463911633
2804372176
2163431357
456465884
2782264015
2739200021
239854596
945940874
562033626
118994346
3332897123
785785080
407989401
356796937
330282862
2752516155
341098307
1627375748
569960990
156434692
2804506469
2965192648
2476562243
780269995
162338628
435731891
2429413400
3325678125
3356744727
204701771
2405434985
286567254
3057042527
2816045189
2659289155
223588427
2614660526
293406260
2543779265
2984258967
203712602
1114088420
559867151
3297817811
2646250818
176023782
73650128
164244717
709124770
35826579
2827167935
261170678
2920398670
426915834
841532286
258554108
2722070373
399998990
3003005195
3079987987
3117932699
417044829
1686667380
290484938
2990331099
3339962931
1561499071
2953362569
877586197
3152567253
299911093
184708974
3297651073
110765613
412606232
3017221426
283601264
383859810
539262532
220981880
121196618
1219939010
376237833
3415445777
2828162830
1211238967
2755277641
3288027304
330267342
2629193741
96506406
484770366
2615424758
1544019698
2884840777
2966006505
2939584960
395643121
233925553
715777183
1639015081
305879466
3205558588
2815344252
436233448
61475946
2766124385
2480646309
1465623620
1059766525
2928510028
1726330170
338059467
353770830
373871949
143088057
3006262511
450844075
339065833
406139405
3219016527
2939822325
3042047703
3294390261
2729004369
2948796681
209586036
243151184
2385470656
192155005
380779699
95393325
514167495
2248885450
21643400
163664416
2856964575
3397602293
2849218976
325395854
456437049
18860593
450581288
2346702145
2917746905
3395456494
125829610
1639220088
1613766974
1477549872
901755692
1160425063
3432704584
124002873
2234050113
1365279577
232187690
2430701546
2241376494
71775455
21660525
2209511741
405154636
3152205225
3386238311
225326252
3307560089
231552836
177331057
1472626039
460435929
239015572
3388616986
422037961
908455831
2982315328
3378520185
2815455268
3087579851
2256245413
2423045309
1524346178
903489031
2424332104
164662401
3419559293
60053309
575833344
128955540
2823046174
1463204971
2867390884
2222321629
411107638
2399831642
1227645331
2957241587
488641496
3111297088
222557843
2365694627
600280723
1096976022
3254797366
2511233055
1284387967
1444497212
3129907813
522462440
1500789344
151989347
1521796110
2264599944
2466718029
2333825443
2810176060
26781387
986513988
3408729209
145583284
90360529
1664990358
1267406430
3043402086
2787255340
419611436
2248506158
1335178560
3141884825
2779825228
2254892675
460469016
519817578
2267197400
3401257827
169520620
489626005
177997938
316796578
154448003
2748460636
467286731
2810000975
471181950
1527359436
1471437920
2178290473
473077227
2966134900
146126552
109631773
2314131493
347784901
71192827
2257726044
545814956
1574813942
3410883622
2267489702
3366092513
2732443985
3301896008
994722061
254665720
2845444780
3040986281
511546010
1075030190
3293569308
942219962
3070173701
3338821055
2927420993
2864805572
2799759341
3172468157
313168753
2771001675
853517000
2641812039
94982231
2985772594
2668873441
398951957
1165130108
162002162
323084693
3170230079
1358720076
1222969946
2884928190
335170971
392716584
2170452843
3240493421
365023356
213257106
534923058
3291520309
3115211147
3303496775
89795937
2409455960
549179203
3060195898
2530817862
2722351608
73753575
299717804
1518904280
1512860132
3229157609
1738977535
465063760
3317580561
779072318
2759810666
341582522
3137575583
3295680539
3302257366
3298230303
2708319764
1114189867
1635069374
168267521
969816037
728609132
2843907119
3131764520
3351005465
1971802280
1522080811
3320553324
3339308560
293404864
515863603
2416036062
298541112
1208021444
838384226
2496925249
2298598638
180738732
155269276
948422106
2308430696
1473199284
2801754809
719624093
1017134066
2250570910
822319016
249119981
389535984
1685804688
1466523804
2989153737
2800549223
3268233018
512413413
2722595708
2297768252
332120404
293066613
2243525522
3370931345
3341170847
142009064
99969097
326750192
3091479376
2933666145
844158438
1526071746
97507473
113900745
3094713861
252046884
705991412
1481280740
2844575424
342957056
1496494122
230200387
497036477
2970131733
3020029667
481072309
308120352
1322934662
1522169617
3341916370
261438051
1642618026
1224863846
404545652
3351714903
186013697
1241436552
3329460862
157308107
1015042345
493060796
257557741
269023797
1539665948
2214346035
1410327997
259691442
1385542194
354280446
255933775
430665764
2415542808
160611095
2741549403
895169611
3228559888
3225968835
503434957
2695038951
589794552
2403083118
3305406503
709018057
110169525
2335799001
1487629146
275225958
1734342200
3293919717
1210889498
2402218021
1473855120
410655848
567578464
3351600839
2812001471
1674158324
712639322
1143503953
2590118668
1510010263
258407054
3360964786
962800904
2823128829
3094174424
1625244360
62309226
3132849081
3124097965
2574460950
3226310411
18607423
1243751190
224368971
1519541088
1707678907
1939097437
2869015503
2891396170
457793846
1150905758
3167497456
331874609
1547673475
1495958534
69240911
3391651449
389671607
2532357244
2405128137
2576968215
3056975957
717015001
1510604234
1868111306
933868268
281236622
3362807782
2808730839
153826241
482002479
3056116541
2458264408
92940223
3255674542
15438524
252217376
2281358088
291641413
3051492523
353301199
3345989548
401413776
3431500229
213991030
1907631012
1480729566
323870386
571801205
2223241490
399327774
1013202750
243829515
181574278
1292536218
1155348974
1020184040
1570734342
415132098
736769702
3198135807
741067748
2814584321
3169021683
925508863
311454898
3217086237
1627893781
2666636011
3360335753
248635768
2706921675
2873294515
2803027408
606358204
1489944337
1469177640
3142312301
85157471
282236858
3405806001
2921097155
3095140679
1613470951
2857904085
3310389005
145798671
561450659
574558120
2462240009
1520385948
469755554
421336376
286930068
1286464922
237223394
3314934305
1729476763
1957410894
3028469117
537507344
2797926244
2911207047
282878904
2187947901
3038466186
355591380
980101447
174967002
2265574828
2425767303
3321106677
379076185
239783519
455168612
1535015395
493230940
2891145141
388244074
3389849169
871773859
1415306028
3005735637
1112847438
240987894
463595464
3064360264
2556535753
2759502843
1447422943
3232964291
3409254879
3312284721
3400371395
735532981
1421609414
3018497883
230794287
474299721
775474711
3431620815
414881623
2273476360
152359959
252283801
1073317897
401985106
3234396579
2796621698
2202342713
42387439
3209711537
239330443
2345696184
177497197
2532680672
3067687198
358735747
3214605094
176468627
3217418302
2958191885
1008320562
336455129
263659202
363622162
988330297
485277063
2882386438
350183388
2455448772
210759866
2814612083
1520566538
268636329
3331153685
158303730
377305752
241095184
2767322777
320373806
707163805
2348246839
165211090
239707286
100786502
49689827
3120917922
1322900382
239120733
335299391
377852042
2763821360
403436252
1262258833
2840195344
2834579854
282514047
315389482
94963364
392677532
2425998823
3344508353
1622547338
222073489
2216114202
2261726353
362993581
3092273067
66960892
3092928162
2587087321
118880195
2851789676
3297676928
523413780
348276158
185771259
66335268
3152589573
991143674
833221934
3325669667
342048584
540115412
120700690
341972837
3108322283
2704423800
811471854
958086300
2266426669
1106816869
2949954747
1546626379
344693232
2805314939
354229296
1623444260
3329056949
2747358467
404728903
2223103482
295863505
305669818
3116121945
11714162
2738354513
923761718
2822880304
397924924
411732460
1627644289
626471115
2260433319
387814832
2227605221
3102702693
108902130
1360625527
1456948238
2816214485
3344386168
3160711433
2802658677
333928305
216857445
306862317
2863624797
2865623038
2801345072
3128420581
2271813060
3057322966
2887918643
222757677
3114844275
2747987039
2301487351
2844507151
2606423487
1475399047
1287036001
1475396060
2774498079
3064364776
468726554
482338406
2462794342
2364950535
2875445599
133412501
1916825436
3242993975
706790864
2345745334
2592533525
155510368
2195935752
3230879243
3046087866
1491318432
2792879098
743512208
426643631
2826531256
3001879036
2472241263
702228034
383241886
3192151522
460593808
453948496
307945067
786562602
246037947
2895753514
3245906757
3003257626
718058425
489749888
2471656839
1652400500
2885369298
3306000731
286018630
492940091
2791035304
2271545248
2631966852
101556081
405109182
433288521
3290975660
3023717922
2612626157
3201157785
503949965
1666850136
2844780362
1931983086
2612092840
3331944299
293041052
2857575905
1633883732
3339471399
2808996663
630729879
3243924532
116275098
451616771
1306846855
1209521750
3419737725
384941732
2300009743
3310086874
2268788929
2933995767
2343900566
1365397429
617606553
395864515
3041376184
157498240
2369370511
2263119828
2646359491
1475385072
1288496124
223401306
3088014168
776348994
3409928403
3171110055
99338939
2327746111
95234794
3180852839
3134281736
298420496
450038167
529824291
2805197109
627512784
1700076452
2319554406
399275987
1611356718
223648892
3091332755
1520162779
259633131
605512546
1290772195
385527322
3252411923
843310272
2782103461
1934261598
1415322260
579102355
3037836688
92986521
2582509251
185826714
388185324
753498120
2376532461
1951039962
119007077
2899418333
2260604155
1667019888
2957103322
2849664291
2752031559
3141325241
2684971236
3187507276
2367771819
3346158010
2765462412
863754594
178816026
2389491698
3384895570
574069380
1729338656
710602291
1484914326
215635622
1531118822
234849250
162499876
3330003821
298683797
318675850
156258003
242016037
2873644519
392362877
2515506347
573893396
2876816043
585254976
1665693570
2579832928
188888488
1625972954
246746923
3313172633
73490262
2885436752
897465560
235707057
2256336731
494878950
108308383
3316035227
216654760
109434817
2459099227
702154926
2431180036
3028185123
400066677
2872809224
3355164425
3417721719
2292555320
3046490223
936959370
3398461498
354230830
250760132
428435379
1654975081
372501028
2802717310
2849671287
3171403127
307968488
3152248060
1593753925
553083855
352245066
613306465
3395596725
3310601176
360057521
274646947
593993110
3385884819
2824357586
2935420276
189991294
2851253495
2319400224
3380918909
3187954480
873424740
615057334
3058647460
1488092246
1099214936
205358513
3178976968
3386343154
482755545
222747417
304481970
2280204111
1538977795
512371889
2740303116
460142114
462781247
381389029
3155658788
2745868247
3312376539
951375133
3073524055
1519943546
2362585782
304911112
2283436710
1662044137
3065584335
3342728740
2889567959
358437259
303139693
2754540090
616018962
3081783365
257919117
291251716
1586617634
3355273564
91374303
789264805
557943388
575305372
515031023
327005751
85872284
3384466672
1375384016
399001992
3086023461
563080091
630522106
3291467642
3402891154
454002419
319191143
2369503503
332243358
2824696965
390987927
235571941
169546981
89456162
280479186
2790411650
427718928
357461196
326095875
3315795617
3298774160
425845320
3006162826
2575948259
471388637
291066752
2354363002
1133178146
2246049956
2457616865
1154948365
1627650606
3262250530
3014992186
2806150546
2518328329
2178835831
1357690879
1647989539
2266208245
260374294
2485665475
3346832895
1530646646
443561355
559067025
395827686
2972683013
337625532
1128262218
489129907
3396224901
90140779
3050366997
3075504381
434239535
3216077962
3087404816
2451747146
2957499202
257382963
3253925008
2512505442
2777569384
2507010778
3244839168
3406381534
3399255161
50631808
1905341803
969771140
2845049706
2833383953
831841886
379685160
1103031174
2422722313
418964556
2366048544
1901820756
377983356
171567564
3336631912
350178323
805387760
3347418214
2348993374
535265140
194605057
1633631551
3188741575
99008624
1029271213
475958860
106165845
199181760
3386116115
2858016622
3289010769
2355073481
3331331194
3384735479
3138046990
1951386456
502305470
2870950346
2217608533
425335917
98276458
3372811462
2737183916
3420346775
529661015
168117676
2833954643
1592053519
588579120
634495868
11686762
76424015
1478493919
2710496708
3248316107
3331699421
723900997
250107520
774531481
2758180772
2383378929
719676687
3341739071
1454284777
174751085
379070723
326374643
338534150
603660829
3371590133
2872486835
104069830
2223860372
1872042859
3245102411
1056228068
2627643191
1589345780
2958506560
955939099
1370811624
2849619365
469417988
2194470974
2936755539
1423379173
3217159971
532346174
2326027279
2717258104
3025063744
325461158
757613665
1937893615
97052992
408605427
1733031006
111593288
3343004050
215934410
320104431
611549254
531250811
2369310773
466467171
2163893507
1615239211
955475732
2779021911
2966479120
3398686714
2766659579
2877198409
336481541
2964721733
2967820125
283009958
621129085
261922806
209048044
2999755478
2194987309
493335163
3123331733
2739152974
2784202394
2894553417
1277482554
2948534075
1592946396
161194970
398028402
1485736981
963693908
528685425
531015076
762147956
367705932
579791998
527832027
394850341
2817169510
588478378
3302576902
3046140050
85174207
1490803860
121257699
304932118
2311971920
550306160
462334743
3144030118
36463377
2857129586
1262438924
3097759715
147645295
1442973698
3234453190
111313437
3385002161
1655474942
2973566715
2275989836
2878470560
2292781100
3308057085
1900992498
2721212813
578281945
1519939224
2428809038
1376370708
297371853
388773978
2770224479
301181868
2792166089
1868423226
2919709594
3325678618
2426104051
272873709
1541879719
2905001877
2776980016
81146850
3307936047
3304433183
1705739406
2973034618
107220280
1038078139
2477076075
1514184326
1032902227
2432179405
2797940541
794588684
1686894834
523335471
251705837
296454539
2510917514
596901903
1919781438
1631522185
67891137
296429214
3344247749
92803117
3392360813
2189226739
3118835943
3082398881
3344811219
542588636
60935113
120190287
3393120629
616399692
2580537620
343597695
480858564
354946405
3096875864
464862755
755042756
145414316
2484092048
2926843222
2981414843
265696603
2982245727
1405498994
3345289419
3402336671
232689771
2683549325
3057684112
3389883797
408506822
3352926022
56957751
3197999393
555838016
446509888
3251945212
2695418851
3163448680
2341920018
3418668399
95241037
956285060
1725466561
414968692
1179609265
938040092
3361351210
3301894745
2371344633
487399082
635461207
2384249684
2830032673
379897161
220100802
2891772419
1441787209
2455192316
3299055910
555623850
558220929
3297901688
2950065639
3316148422
471826143
3354172383
3076703325
478041097
3129314311
1319253901
3369014649
3165161446
159602816
180460059
3404187274
57622807
213810004
87440144
2552982948
3350691166
2999446305
441855177
2996397375
2590645216
294250390
2787006743
2986338455
3008440725
545812304
97321390
568857008
2930498741
3050054562
179449261
302702263
2719108195
195321391
2353010867
1284192470
1516822446
2168734365
2321075826
2294840623
94527132
83210671
2365751532
39332160
632140294
1552973120
2256974154
2411166604
3309153340
18841086
176137471
518683204
3427748014
2250880208
1531645224
740533212
2769580297
3073962428
3208390163
2456923056
149942127
2632521178
2846710697
3096763427
101342981
2224583363
315501371
1042412750
1499439860
967399034
333277361
2876260732
354931431
632921874
2219184740
157348963
3128231370
2511137379
245067458
860989358
257629349
248321268
1417571994
261213337
1362243325
1395583021
3399108759
83906843
3304486545
16689353
547704338
1065649081
88171998
2934045525
247021920
2661597937
269326167
2889219268
463253648
1554532634
2247835356
363199499
99343844
2193920209
316951843
255149877
3018323326
221770627
3310812095
733104348
2777182045
3094036828
602098064
370516728
2836817564
749038406
3356554306
635505622
2769450502
2401999866
356439674
227967967
3041629877
232611765
532414100
2814755311
2252107448
396753341
1668285050
3116578837
451589722
3317928485
2885393487
1860999648
2367120368
58784406
318040505
231616711
327244165
2773121965
1667289188
1514780204
2948780129
2356447032
3340040415
3205436055
2440345752
1697152376
348947319
2998875011
2260437685
2506884858
2688444005
3144694029
153918797
1734803929
48304732
314490201
1043184234
2774967047
180332507
1551208927
549262995
318764652
3292533437
252586920
272295503
1491755498
3072988859
1280820050
62357503
3386235863
805132658
2997655619
3121425062
2828140570
929467195
2829035349
3385690371
297891019
2777991537
95088288
2920674897
917339408
221707062
1034567318
126101751
1479530041
1395536952
2324177946
3021668427
813919621
101471398
240800478
2706492935
2661169625
602244958
1324182960
2718677079
2842794676
1001762522
1453777434
3120898930
771454214
3244921294
3031028002
176004277
1514240376
802856384
185115195
3144650008
706795831
728115926
2737633744
2930427909
3202812773
339519737
371424525
2920379218
783006493
2235627405
3130926418
3091867117
2930350463
2537878555
3300704555
592337619
1637813514
3073143906
538351686
1077060330
2713152609
2438378941
2426911604
317687499
1247273538
2819889766
2265541635
3046343368
202745119
2256863157
2621573039
3320846879
489771807
1537050739
1153243524
286237937
2536869655
2930300687
2805154386
2693834406
1453700166
2786242445
3317002407
92970484
3280997721
3221370993
581288699
2816108855
1852534154
91329513
2491450418
3008386958
3091049525
350310879
523738125
1457055576
1466874319
262767012
2808897645
226915422
478967015
915888678
621035268
1381547178
2365271224
2777912535
2802121243
2948623036
2261922284
439520681
2361172987
1479748502
3320867585
2873735931
2949815782
2332324833
3164976549
1059165325
2930748832
2458564934
1198010508
564355268
3333352816
1389111744
2889544563
3229245375
1517377422
3408575902
2226528612
3314488473
299296774
1027297056
319018526
49300352
2451777662
1701596708
405714722
1492382737
199999545
348721655
2469272027
3404663967
2166580766
1249378705
2824546208
216656351
61567184
954379856
2297757072
2955544443
3132689197
3386610568
1371502297
3345994719
703204709
239953734
1601106866
461202819
3314938389
966305857
2738495697
1521810282
122382040
2596557025
2742565564
2951796418
33531034
1572436166
258721411
3067819276
3226957798
1475020626
1255117794
299616257
2147564321
398141170
2768293595
578501580
2756492233
1249027207
3144633209
1457639611
1687702436
595399667
339845644
2991640067
3326884617
1446189246
2559392589
168455141
763632175
382609725
2201040152
3025020785
2580664991
2182497475
1495543026
1688114952
2439107138
1660449493
539625558
224274599
3029676381
2227201488
266501657
2732758276
1665379706
3062252032
2795710121
2646386701
775991468
1292533710
276548054
74557146
1001827351
426895381
1068757100
1924606242
2541689569
76158969
472261330
224816387
417905273
1578038862
1501742696
435732584
2948707541
3003082657
1314975876
1713877016
2356797650
2836972944
3115603721
1857588078
302605358
721838497
3111644488
143489071
363220946
2757966502
99126629
2158847000
3378266296
2862320171
3423770680
2837167098
780174445
2668007902
1524713827
883272240
2921121471
436206393
829541143
3388276258
3313663109
591158858
1913439356
3079767899
3198507819
3436846143
596403170
2834556083
2242356131
856240693
2763811763
191009309
79240851
343342745
1168755127
2568784547
2524739928
3023217171
895941283
1669963538
79364129
1664421452
2807215897
3390772911
339644887
550390397
497970284
2835313900
720618306
3336859529
378735600
3234527949
229283626
3167181760
789017413
1150854529
3431544094
2700939031
3061763704
87529679
2722839845
159809380
633689133
1894240123
269312744
3028123894
2983946224
2723666552
1952058576
1119045367
367859302
2963728233
285754068
279058444
1546077990
3129047133
1571923358
247988346
3306373647
50576596
3028040559
3130740447
1512907189
450977954
3026538009
429867228
454099743
319906713
2557628294
1513451304
1630283184
265969406
2862475716
3298343268
3231970018
3300662871
288961396
2781480573
403645636
3398828147
2967624359
2584176773
2882277809
1479216452
246775419
188324602
2811680711
391026330
607535479
2787617465
2585900172
2915368046
2237968771
330830151
239543884
212259011
411643609
2961713285
3009836417
81444457
803211356
3092246279
430118750
2921737091
2930011519
3323303639
321914640
3383346281
313855009
1000327896
154986574
455634500
756812275
1949077465
3226206659
1524179952
608797670
2768202567
1197501996
531214620
3390358935
3145076621
273293541
604390389
1286910325
556830566
782598961
3324178623
184702504
2797958901
2539734553
3038402256
124211229
738427596
144209128
3122054494
3082464438
2822312997
3351828153
296201456
386140416
3415608232
2945623186
3328992701
232136171
2747734895
170119114
215943860
3090107284
3034885785
123818078
822218149
2505945221
269801243
2283205123
632308321
3346648457
1524668112
1535137094
3310263489
3396083434
744112039
2831652239
2531875125
2471859675
145217142
2227673853
390712421
1625436871
29961432
507511467
1504608366
67387235
309697724
139198282
3168591109
220191559
1196755886
3133191406
402809254
541831871
3007190811
3347006699
274115859
119528603
1131135259
627121130
3380353600
3314071446
2732683222
716706691
105200868
1170042182
3347513355
1425909786
2900960479
582147262
2365775750
95476450
884851099
303162466
232242825
2990348168
349294567
3093759351
193081800
2300014207
1662847458
336702167
96939771
3156087845
2240560714
180781831
3395867589
417188126
2845334271
1480050379
3134264681
3352770047
360888944
381467205
329055298
518587436
2520971602
1566482857
371895407
317051214
1321089258
52389827
225944210
338019215
321864570
3131741007
294252260
2812807925
1683709502
289253528
2800030829
912819006
328900475
440170719
1640443908
1603223996
211836441
419590821
3022528168
2761985434
2736541569
3152368600
2875296419
176403296
2230766618
3437636621
282676819
1268614232
1645359498
938887160
345305258
2553149418
3066000197
2763051434
371287087
2900746179
3370683375
476129032
2990417002
2798052420
3001897433
3385668022
484665570
3408413674
788870377
77016575
2967505810
3014510799
2233259255
1524695750
3396997817
3134597399
419058078
2370801156
1858558244
2405348796
1154391085
323172167
2353893107
1148652846
227747220
2948934911
3383323666
3352163014
718055348
1665795008
3410909027
1603627640
230320041
225898117
477870648
217937351
320199320
2425961622
1623658400
3031735394
2170120589
3010398970
66381203
2882680882
3301968153
298951063
2915113449
2783617294
3298536092
360188503
306606134
279390084
1217756540
730528603
2948360835
1089787957
111696108
1372680914
353124433
349007274
485872780
98877014
908305256
2330727150
1063962373
2198510467
409394121
2612302838
441644377
383634366
2704257986
1426438704
2879453943
427364835
327665378
2960450002
1635003888
528950926
177187090
229946009
2167409335
827853824
1278219164
324394039
2949441394
2291089146
1525959044
3243282257
2737140436
261315666
1365069278
105090523
775612190
1112981522
3012784746
472470734
2253709302
3100375729
2950412472
1348779049
3403908509
3123634925
544200942
1424991870
459948368
291360575
1109071705
377562240
2778321764
3121899232
3187867545
585170172
381994185
1718308597
2307267811
2873966540
459083323
165912198
108889445
3086760380
1068824754
278151310
1256735450
2532821389
2195941890
3221769677
2899835632
1166424248
434132566
1502962892
105250280
3043381677
316782568
3291374870
1914689534
332362546
1527449473
3108807773
2994588533
229836193
635618018
2729739046
3057236309
11643232
575399756
1292439571
1444623870
1633252860
3129487391
2436774247
189086304
592996675
1538597688
2952784858
1655287656
3342918244
468288968
1217708629
2543894494
545146690
572305387
309912734
1469771437
2756150495
2443534772
583349849
3024221500
1575436478
3346540960
1679318942
1180039086
87028592
2960211431
2205262369
3058688993
2243848588
2971631470
147001874
56633490
1919452183
2434534718
2748824132
245693668
214102119
2248585499
1550309858
1208284759
939362864
86259724
461908774
2829210071
52951745
379874019
1032270144
221119196
469146179
401572474
3131648910
296301130
610895946
2961010468
818084882
982812428
385897600
2276642855
39076373
2769721019
3217675611
555942845
318725936
2358559513
518475124
225031378
635711813
196531436
3351614525
260192896
533159828
155990140
2587513209
2776482345
2845136903
158800638
3387352018
259756991
1189972544
759605160
115042234
2827549234
594035913
3304083161
3385531535
1097826492
109934450
1517039612
2287287210
619357720
483836307
2726234464
212407131
255622952
459214435
3382922613
1302845659
399308300
149086118
2183234005
436689255
534361861
343397181
1423939694
131878143
2926262193
274905755
1416231895
3293867331
915479678
373413055
544330009
3288297262
2941502554
2933951099
233126274
2323312834
326003290
2758156856
35582864
1160078844
3152517779
2921579038
2742972803
2729358696
415778658
409597474
2247749335
2445305130
2753468399
2472014665
1636551278
1390065498
458481670
1079497165
3122164649
1025083626
2291793187
1710638594
1606305487
297118417
2591007998
2197696273
572708831
3291982890
2265996827
1486066801
3155447062
3145070173
2644801090
2187674956
3053916771
3014488454
2539924636
2916507737
3004110245
2842592307
3406888803
129038636
1048117802
420464538
364449687
324210663
336126732
1104868806
296142504
2208517695
207536740
1649644344
2865384167
705093074
462037570
2329358672
164790425
329677614
2953801510
2230578002
2481566592
2262635095
17363922
3327433007
2760084325
137329728
3088151627
354760211
40314744
3394717989
332981234
141950149
1372781810
398183203
222553524
2774971285
926174095
195274292
414829693
501416010
147974423
2447468747
2741785173
2958743560
1443258344
3088173029
500051682
3324630838
579382545
489703185
115456873
3055048469
572083935
3317952311
456618192
3239386767
2392916436
58952986
3312091264
2857082710
1525156501
3026805931
88280721
3198164988
1428946154
1609182302
2617108549
1257956731
2850686490
2932024605
239720295
3222644234
2233157661
3151132683
90410786
1152365336
506546621
2912865484
1222670221
245812963
3267401801
441282003
1937979571
2375909561
451567605
2962620694
1169020447
1330232456
39458583
2902718801
431560949
3094687913
3059587421
2820886979
411719631
309848765
2527647100
2516088829
230884991
3288462490
2356400074
3136990834
3387116968
2496192932
3047740365
273617985
268528916
316426071
172460337
261810228
3180265517
635440251
2366960854
411618626
524342823
2664927773
3039555059
3232856593
1083141710
2289842036
3298418465
2582903049
3424282198
528676948
531140414
2956651161
3189777586
3368798271
3385043188
250335849
2453476524
947437441
3295002571
3301438762
1108558579
307013823
453323463
450463328
3326925329
2818878359
3179158961
36951436
3397747552
2305495526
3247613213
387329877
1056099690
546809366
2800127302
2811254188
3390554301
97534750
17020885
2502127259
3094798805
187871900
3031224459
3266038517
1565320682
1904201850
983515616
1412018042
1477880966
57401003
1116570288
3248303691
1657980030
361771454
341410158
868968686
2766655800
201742547
2794617206
2867718639
3392248155
243654110
2226719102
1516642140
987359827
2391855908
292525775
139512750
122406471
389087486
195332905
3348686944
2270844883
3093765956
178366843
982855706
3091714956
2926914088
2602019044
288800708
2166537162
1361081112
2401903939
431685975
736190544
1854973302
2212735225
118778672
3136018251
3133367361
568566219
3292752211
102347995
813310903
3068954025
1480764397
305122289
3312107176
1523185110
1552444286
3019685709
3305841065
3418805483
2849792760
3015145438
600951807
2426150616
2786121251
3314893599
1052976050
416473826
804198577
374158436
22033762
2318447293
2525459652
3401486913
1563873044
2236742198
3341895508
2501229938
2153505768
558540779
3278334580
253614736
3171564922
400061453
2843437156
2455366215
361175887
260840533
335406260
1303954526
325836801
147327650
153757464
2962018023
2242224277
307942673
55189546
151500812
862143126
193658840
260149844
1474243488
105279968
173734836
1693479198
2953643500
1533574663
725911248
542763865
206431106
1488730027
1719653768
2854081888
1935681498
3295578073
2821230753
604626658
259159018
73880716
209326424
3402903399
2209573759
1713820291
276685903
2734287844
3055259309
1483628570
3228542038
355727093
3220614024
390146164
531554667
3143612909
2967756490
903839366
3077520723
428150275
2527041366
3311117674
2246175381
3238514985
799876956
2321840608
578291575
3436698412
919190340
1119263396
2315065473
2982795287
3377069458
517085074
370684891
2740689064
2282116112
2176305047
170030161
3078138059
3040884173
2442256107
2501959652
496123353
2185725650
202295472
1093096496
1033885772
3310310369
3055703471
731406896
2785253476
258034433
1562492646
95546298
2233342601
3037678431
1371698508
84726837
813420530
3315615873
806151858
1487903438
1924195364
366827768
540781351
2902613979
2938935796
2361492868
2283686750
83907824
1928547024
2990463035
2211075841
1119733614
3084098134
2408055399
2874900461
567423746
3055205475
3341341449
712974669
808934820
626381511
283580713
2221990208
1905155983
2225934435
318384101
35553011
2776712497
2816853768
2893842586
1484829816
247657963
334116605
293589712
2385719701
2291167802
788958534
3295197825
423758180
3467571196
212517738
548272277
3230355946
57631017
635593365
1604374376
161961214
1514250799
633884995
2612433900
118400345
3288804735
2804938085
2995265595
3293895073
869770111
303725295
2722338223
3256247345
2199399132
2465646905
3235335996
2801502302
2879393637
29731872
1571028978
1015255350
1907362129
2871202258
2994226613
1522287690
180441198
186569139
1134646946
1894227630
2684668413
3240748427
289373969
3032325958
2885416427
504252992
400356395
90882953
3157860147
1374847351
1120011343
351185218
1374860929
418039017
3239014466
2814269901
470569982
19080151
478506186
541431763
2783964694
2936943370
1114749500
491131290
983160002
3436677675
2845806021
316038724
117508441
3056505117
462167393
228707791
240363122
1215894937
2329930457
384073289
20010655
2868702070
2306474533
2247926247
2274622868
1720195669
2388925982
426112620
134868053
2309424495
61472606
94900489
2464619489
3087131976
317756675
3177436612
996969176
2341069697
2521815004
3300451395
2615536091
3384681376
571150092
2884838195
801979705
3291829554
449867891
1399040222
1536278713
2912508221
383859099
1610632694
3100281736
2587989444
2179768549
279004577
1735605266
583685930
3147485446
3329340040
1154550872
934399412
539182723
3294802790
550402521
3303042953
1568551922
2970463863
3040899851
1489879260
298526815
2933821774
3121618836
1620195036
217062424
2237998596
2300055687
204669213
3375509945
3115742345
565497916
230142612
2328585596
324857898
3236067383
82885936
2721815520
1474482020
396480066
2239640845
2259116896
427721047
851941213
158362244
2871702354
1241886404
3151657930
1550589685
3421913319
3142154537
464007271
476586579
3395377037
247052346
18924074
567297267
1630116973
2657985796
3239373725
751818870
247180060
1522171136
2258028126
1551645085
1596295981
3123673699
3322882529
2968474665
159456192
169609846
613420465
327972337
1904538660
1255864453
553414355
331750168
2296894322
2346514067
48110601
3435621069
2150920285
2345545375
222487422
2998606701
1849356583
438583279
319916940
1610483724
2209293807
974735124
355148411
92781880
3391800821
2240583222
2693735797
517574019
475699606
2395529957
827459216
3020301772
2849445657
996093793
2739471147
240627703
2363273126
1572148064
63098067
333911055
890102654
386238997
1623606493
272908929
2990476947
3395610837
924354284
955707828
853996921
2447715222
1055987730
2220367224
3090147041
3058561049
3218251353
191197447
2538393445
322583305
313978945
2248546927
2925445127
452304368
630944189
323939976
216011160
3312905963
1734799783
342032747
251290527
412206972
82393703
2897654986
2474386453
3335939728
518344553
239476975
1389267428
2853128673
96933660
201857121
460995958
3077439139
2306781212
353212735
613009782
3312046654
3290125407
473780121
2507654592
3256643841
499595164
2490484160
71039779
3063949767
3160958913
1282834207
233261356
2727398458
2483995437
75503329
3366334049
383660696
1623249566
3144319301
737448697
3305929756
424069971
1580771516
2948430628
400188846
3411491188
1449609984
3143844220
3039523432
2584619164
2970474940
2999682370
908805630
121588342
107674624
452326906
265279166
175534724
1471097936
3365726951
339007005
797960220
436556288
2242256489
2245637297
1673553528
286381699
300709761
3298496873
3144845206
1680596958
400032560
193699640
323451070
703726988
102146672
2874779425
86627919
3010723179
482354064
1713342199
2729808413
2266454972
1697169955
2786865646
2438241031
81161411
2261718062
2820280870
214468104
404677578
3378242428
2529882078
861784736
2163637593
2731044694
489234877
1393301846
3079503636
703675518
2776112008
2905340746
305601285
3254561520
309343035
2151598330
3028089857
566073672
343909718
2167957867
328704978
1560647455
3420538468
2718339606
930021348
336209577
1635733694
146371359
216043697
2939569594
385869818
493882536
224589783
1583824237
103121487
455041508
250676182
2654430431
861188730
2485526588
1618044763
181888141
401166403
2702082381
1500572035
1306740954
2290042844
2451954614
141335534
63722104
21697228
76427406
396885808
545394843
1612838450
3168516941
2426191574
1106304565
1491377996
3107775161
3482426657
3321088402
2872422525
3226001109
730846910
3209389630
2739067203
2828633983
2921986881
196933740
2873670195
597601286
3226027265
1472910950
1927371894
3316081570
2907405028
339710402
2691297886
3090378684
2920294187
1601981178
3405378999
2831495398
990977096
1638806893
66129212
2187739791
379252291
2247348048
2830426058
2846846567
1905249157
118651552
70492914
3194758847
2719756028
2914674587
2683944839
3064903181
452966744
1453247660
381499746
1049577349
1727960226
145668649
330905729
2789057164
2913042165
486538640
2165697031
719470312
3419730359
3295859468
2279569272
3108621377
1010175931
113406216
425758887
3362792236
2435602595
2722809128
993377972
2912824528
2598447481
3257707500
83669126
251335613
2906237769
941940252
3293275184
3342470644
3321022137
3231071590
3124438914
334119817
2432503211
3362600495
1896647107
325156961
621020749
807316640
347853993
3346024425
3344580041
715132925
309128978
2402005472
3127221501
597297693
2214345217
1077986719
401345250
202317575
2201968224
130854587
449093217
1222766816
2360926039
2969877185
1859982902
1729010148
1632363643
227648913
75380177
871352696
2603587205
3092332468
259791746
1173090211
2986033070
332745718
2470536999
2765832259
1277932447
622945892
355687143
3022980807
3419982664
1535658666
2893833365
3057800736
1568063772
287844507
3170984195
306300519
3416202939
2936787460
375177641
110962054
55829418
2310345847
456830449
236073673
3389645158
3234079047
329074388
1037897437
1201372363
227026908
2746580990
2458173731
207640070
1035572480
124726283
190215604
485996326
293735000
298334237
2344101355
2838187799
3362127647
166740580
525979046
315136391
628537710
1589476327
345351900
575892662
463622703
1531444867
2254039477
436147885
2998223451
2982542211
3176896475
3251097663
1650090271
1369309482
3402304499
1679224213
3166478039
280668353
621328783
2903513224
3137995603
3052658804
553603206
2602534309
236565450
2499509816
302417716
2844184943
2487040655
914520302
3245094399
2930334459
2719137399
3129471969
928372843
558024490
425920921
382049883
2230508590
2200919997
224313339
440325520
1592070637
2921709275
2243913537
147289061
275159492
3331938461
246992340
2640391115
415442978
184717699
3047060907
467706715
315860031
343990650
477194099
3091723145
575648524
2874906301
631881674
1544034290
1261259678
61895745
1533593575
2304826140
356129282
2348888425
2515191203
106868854
2301436340
1270384987
2685720727
297079114
3296054977
2236362511
1081354412
302310143
2508579641
2285693509
1859916211
2471402947
3196210637
3293261398
536527719
3351777147
2710521869
487361732
2830570144
439309993
2312881846
1535005825
413296854
272094201
232840283
2889011620
493091701
2976507227
3018390243
3314675224
750166099
1553963419
243104697
3039768195
360071783
105771629
1480357514
2364531078
338361860
582155302
3404540243
2896718999
101266892
2678355564
3394706164
3201902488
2829139779
354602807
1861394118
820020018
3345865786
419741890
2867597908
2450229651
271368523
1257363385
2521148223
2970367798
2565938464
2219263779
1688692525
3351842871
3077277993
220449011
2502384692
1935246973
47594754
2948891769
2557475390
120726690
2548758452
2191152158
3040616434
261848572
1643054906
2560957434
291701559
191771907
1024512242
290071053
2247444066
3044194166
968276462
2375970708
398343053
955886946
568298425
951804260
2858315511
342656294
196507468
176089987
1164125268
609425750
2293151024
360589224
2865946635
223619120
1489794260
3089999849
1240077752
1134302798
3067644485
2207857555
540261022
1601072094
1673748032
909016446
1513986091
1124374820
3228484540
1727723756
3001709394
3293963909
3403162618
2449775418
390314453
2520869294
3233838287
619887047
1523375436
3157988217
77202638
3422509737
184738053
2410712240
2478607057
1236713340
427527201
3345903916
575481458
2496096144
335751847
2857521831
330298791
3058632695
179996509
204331196
1430883763
3422026473
3292798571
3235648887
3412718619
2863203943
2575601650
1179763646
406998026
3341531422
345958190
80955805
583016321
3240984429
85405988
336430179
837395084
3114542067
2863319554
3313520397
222050881
978494347
3131488312
357949858
3377244791
851022283
2377398578
2358540384
1555266798
1526134123
400140463
2808774370
3035317523
1026230052
2184297657
2973345243
2791596826
3242072848
1854428300
3121619054
553089546
1908680617
2992611807
1484708552
471254280
1637891000
72237858
1511537712
524380635
539037376
234572951
919632476
367377070
472411257
428637028
3088687733
447069466
3159941709
814599132
1147676316
167037475
378647262
2792900302
2864696326
3290969038
1974870559
3345461213
2517599410
1324343370
424931595
462763914
1104046632
146309905
3387616444
239466019
545546245
3377805111
242432639
215546937
2506878394
3309004029
594846987
1499470321
161037892
714398569
3234134597
409397667
423237977
2231368646
3394199157
2714312238
2627878727
2912476473
531280323
550919676
144454892
3295783487
3124602599
2719203379
971067416
2664567786
629607587
2615993774
864664074
234835535
2881564125
70523542
2986323712
3337356795
185216754
2779272455
2799504263
334182254
435713225
3147052293
108645438
3111892030
322841643
1690698374
626685820
2168333496
80403374
1571215813
3050659019
138974231
300201582
150955581
96199783
1723533722
2762787111
125635702
3017776576
3379405977
2355294621
1470121208
3056573804
2149695422
924365041
456571897
115429169
388287016
3069828292
2401401540
248057382
1145853390
890924084
2675007995
469597939
2983686845
3338298293
3358723967
2195931123
1541073348
29188686
1172427500
3155650709
323363947
2779149920
2548801638
3385211151
3085781847
1265139024
259965422
3233177380
101178182
66362260
3292379706
2337052746
865109240
968408947
436476086
2364379314
1680298302
3293787127
358375504
1350042355
82324225
1642879465
2471732741
86935608
195404360
123083414
884385950
517915009
1474466894
3314898609
51404113
909646489
55931558
3014500108
2777554767
1241961007
3109642503
192557553
2848033745
487660641
2464516342
420566171
3031089497
2922197283
587380657
162854803
2826033275
436894923
571850255
589198037
2158616502
2231599715
229011386
77979777
1617663259
611861186
473828434
1313469422
148662274
1326992095
1492337430
472236508
1629673914
3056918673
3039211613
2816672740
1381461379
391453925
255928414
141736545
3372806699
400749621
3149675950
2423068281
854201910
1619434093
137447830
2773780093
3412924425
2155716662
2456256110
288337563
764421626
3383543111
456484850
198262375
388821075
2970449111
1339363435
2353503897
253147763
303389182
2907606317
551290665
800657401
2737466535
376960622
396570597
2161784431
2257937622
371416077
2873783735
2528048854
2896756761
2977814471
811761488
3381868757
532515779
2519792715
875071754
2446242931
86505435
2977061915
3311235394
867668401
3137052436
551073592
464930925
408252087
2733523269
495171288
1472820732
938079283
3303636442
1348504495
2870501691
2724886516
440809590
72578176
3307124392
2474479553
3334831523
122800168
1077181999
3321341861
213139892
714572456
2908300689
455791876
1359111894
3410677325
428841793
404687826
1282961244
2794624048
146391501
2836840388
2817443398
101879285
1166469901
2391584437
2158415090
2604234517
913060657
3310244013
1422614347
3404409915
3115174714
3052198573
3115500561
1310382122
2744430809
2245036257
17537467
348540793
1897233158
2563436945
3295330902
1035573097
392772020
3337448277
3206049900
3388820861
1876684404
383167026
192327566
2285510667
2775798755
296695166
549130642
401255020
325725529
2902459654
2399962264
3300845789
591983443
393293495
2420885972
1539775928
2777120243
159443722
2463528174
3073976679
3187701940
21385284
786820746
565516464
2165324328
2455490070
559103715
3160974298
160869495
2220413803
2731534341
3431181573
3061706681
1532379338
2946716789
1694948700
1488146761
3336460845
277727737
229599887
326669885
2344025456
3309520983
460906231
1936738657
953655361
3346565001
759887060
1856754055
2552388907
3059940154
3206806487
866879624
3226323737
85609142
561094667
1484661924
225016607
217916754
324856561
2216906314
198546243
227625553
2827673206
1087724539
2504225746
373639185
438651891
1206246876
3132671417
2767091865
414208171
554565895
2661017294
2231743764
178311318
813602174
2816367153
791282863
21076328
813530198
3388212563
3294498963
120619983
2324347219
2440078525
297875547
145759558
304913732
3155994743
3088416441
2753192992
3115216408
2209486785
789522817
784473816
2567026829
1248405931
1645968775
449729089
141241640
3297405452
569873885
254697535
69586284
2612733135
2499195847
943518674
2170352962
193312799
1547855318
3033435737
2295985706
3386092091
3319430045
2787046595
337634665
3405921940
465457873
1390769419
92472618
2317983150
625413948
634893406
3385009485
3128673633
2225137797
520439832
758949517
571764460
98394274
472087487
336979782
1491042858
2759617519
2846811361
1506387780
3305157970
3126719943
1490216155
3289024504
2451505850
2875096134
2850307120
710575348
2191230345
3335363955
355462656
2436445353
541900533
205184104
832946244
1135336320
3240595636
364213185
2956781746
164483421
3228902650
3399879208
2155541058
2309125242
2602068173
3301429749
3269015582
2980207817
424566105
1267729098
321053932
589319187
159504061
3026856691
395153213
1401658136
1490398830
2819968169
627783872
550980927
1238407723
2670536635
705713137
308134736
136761004
2192024599
1865037788
2924858764
410327805
308547487
398267149
773811853
1102017480
1389349609
387137754
2987374878
2459733349
3306948435
1587848900
3300902793
3399846107
227957261
440755519
142262790
121543163
2873781028
305619383
266088916
34970828
2733286299
3011373400
1636178904
2765371911
269278228
3150325880
373887206
369805438
301291812
2221330708
433301785
3310711859
2154817638
3204511006
1128752503
2348453076
182152497
3178260851
3355881981
1488196764
1947546055
263176275
3197624823
258062979
2868241081
929216617
2211144878
1475933197
776094950
1890632696
2669559455
393117020
2549306317
254155488
2681582562
918986876
3012880647
459581128
3094945522
3310256775
1678721767
2918726254
3345794314
505066195
2227201693
2485245864
2958850288
2905134269
3314942883
393450894
2933647055
3429816149
179891960
484136637
2696904101
382672507
3195160869
3124973561
1391732863
2834858637
3410177458
2916076444
3124442757
3180146525
220359004
2257983575
637009702
1541988056
2418151771
3216176614
3043922668
379701051
910136738
526534990
865456958
199432340
462201842
165751542
714300671
384904635
446540930
1461591620
2260577759
2827539677
2748980866
2427010297
269679756
186149088
574115076
2355378832
2303925867
455595659
544291072
222441290
1534842866
3055003763
1668375902
543630460
231115477
92228488
2333788656
588960347
1027318549
97055553
458426059
2958238324
291909626
253996376
2862530745
86806296
2863155277
3114270604
782534690
478468785
606216546
2225394210
325835781
2250593709
2799766570
345928857
206825160
2370925872
466738290
479775470
3121548364
1081268676
2744836071
3389725013
2949839363
308734909
635363288
3116287330
382600867
2787199997
2696935734
2700019703
350221816
2732459727
2952929997
1539368515
402591024
2303218176
472679772
392364135
363694455
2279253223
3138861623
2587761952
3315280229
2953058969
1383800976
2966390097
295542502
935188135
3366705622
304024720
251568690
2197277655
3300267219
2729452013
2343075243
2933165392
40947968
1645551804
2359115873
3239205142
3221109868
459088428
370004337
2922859545
3038611588
1031359886
401376296
1512612816
991747729
2776049109
485560517
2827295454
3311174254
3148699450
1028394438
2344043144
2370511778
2367788019
180976481
3304591636
618949630
3071240704
1898628756
2379052135
3007441396
470206995
402329068
3372047949
1522581522
96122416
2487939315
30844519
536231132
149812824
2206435143
2855151585
3069935392
2831229303
2887003959
2579413741
606502851
896458730
3088195709
1365368845
1898068646
234367623
501721853
1321522434
2736065614
3087398937
398998297
3151223330
2770385692
2302192442
2885638462
1873223311
2801977093
1851544254
3074085098
1520485735
938301480
1482777517
2887690213
773522234
1301316912
107733258
2403119414
2828041918
2802836656
352622790
599029394
1573082078
2484349367
391037009
255501640
305816680
569412418
600222849
2387039827
3004489942
196215598
1589422550
2788734147
605812260
737499175
2919804190
1523402388
2780570632
338669398
2163360516
479984721
3315077087
302651021
1100766901
199455104
3302486403
1488610214
448045856
1174477046
2429356868
612491772
3290057979
2316081570
2380597195
36938482
1597980325
275681846
2288571624
3369274539
905616096
2191829708
2741902524
216820359
1870454689
3260474300
422482054
238776270
2958544343
189332635
807622969
400589594
109860140
2308652733
282090295
1087354615
2897593161
2836882956
2423000280
3372451180
248655424
2421187917
2523141409
1604484884
2314690811
1071240570
110640997
597350448
2379971561
1189684484
637344939
3074696992
1611371996
2864214380
392744634
327372957
710786821
421249060
3302784776
146155549
472347213
3378879887
2901426772
362142581
524741486
274491189
3061625565
1882365548
2905658865
2874258484
228784551
154231654
3251694287
289352556
2323708938
761966095
3261207040
761369904
3072158230
861217142
297989774
611663179
444040852
2805823931
2207710804
64511106
3041820299
537696438
312161925
2340437660
2283604634
2972588829
2806190333
3404835898
346779249
400098623
419405557
2484323695
3310528180
383798169
2897665331
177542328
437051738
2735634095
3396842885
606335551
349894042
2914992471
187760786
2416138647
50060084
212980297
1092733326
3408718126
451394563
2282535014
3300266884
2745180901
3128866037
463641228
3348912268
2863776395
253685039
1477544401
2825160466
215737268
2965048895
2214949230
2982387928
160886723
3291838887
243853418
1464094700
1555633002
1727931306
2163392496
201491306
2274905408
2583778938
498927534
3389444067
269379208
1473267404
2773914977
2585266646
587547516
3375329205
3406805800
1924574485
163092710
3371178207
364446541
304315868
3299151117
2959136769
3078190099
2918315193
3425406292
1427728668
1728451099
1593410155
2385465325
2511044533
3299058479
2170741113
105219761
518637539
463316593
2832782099
2802100606
3315752541
2877927255
3055339963
2323900958
2822393931
376882500
202325840
824855768
302012522
2961971835
2174669415
3022938477
1634200159
3124760585
2764609066
392748400
2949013607
2754654153
839551159
3124273956
1566278587
1957112298
2248440045
857625648
398726521
203438215
537945301
202586359
2730711357
2289885004
1270656002
1615626265
3288467392
2847295295
3253278975
3358552269
456751606
248593875
1615348128
1359270038
2832087048
3072399537
3331296370
74147069
131620122
258458151
2731578872
1603244095
337095202
2971046710
760216922
2724558035
1074191400
2860972916
976681254
1498136580
3230380047
348074164
548819111
96978952
175018506
3350653102
3049304245
71103637
3077077375
2805140867
3242018343
1072927958
1476960972
2995528197
3315397005
1860076620
2592403403
3387814282
3400280121
481538774
1616141952
433404509
615153382
1935126926
1409839926
188661847
2268978929
705175746
2601925642
1249997203
1568740033
1411157300
1681664802
2290038729
402345111
968851322
3027782027
1035241058
400203814
2824983929
321317872
2312328350
2858501631
178101026
1182201307
477240789
182978952
3306720514
2200417779
3421927419
801190016
635822854
1026254888
2788264884
2501820055
373261104
543009122
350450025
366134685
1439599723
2424325482
3293895801
35281172
2822427046
2319372295
1327896469
360538641
636562335
2747101510
405387961
2900329143
3292542052
385867495
1879399867
535111643
2542496818
1249247334
2958594863
168342674
365666060
1108763539
732722396
854414354
2833689287
701158723
1225229270
1972506757
2222338028
554331348
3347536443
1479812215
2703822957
204590598
3344712143
3244923106
2231816334
1488904561
202311678
419700242
800127943
1716638810
74563410
2738969145
3154517296
97034161
111120385
2646129823
1210124112
2966316851
377568797
3244567545
1244255790
461820535
2495707426
2287233752
352284402
390379605
115669086
341633883
70205802
231368025
2471636281
2741098593
512348937
3028029737
1396506782
418206154
3077113884
1921447896
205664458
3051229357
372265664
2432293495
3380057201
349287474
1604705534
3133508853
2213166937
2208103440
796877329
2976134799
387918954
3372102946
2169680559
322705500
118431562
1534996644
608318129
1583448306
3343796428
3298803072
3346999132
919275943
3131304593
1548999878
1132081518
845909546
1686077124
1472813617
2860315709
3052620478
320421440
397153605
501648447
2383857810
569320043
2893804756
44348396
3145222258
3032831608
3111166079
81560315
100735883
1509932269
2753873939
3394236046
326006982
184810142
3179080883
3140982375
322860683
323236613
3121818580
1288647019
228485953
2646165324
3159164668
364444836
2854916276
399937741
3198212988
3266257664
2272004676
2903613027
2535773727
2742742499
2828030369
2560478777
186036561
322310561
3008480613
3337871002
3039477483
292250172
3314163491
402866649
1106613330
318985701
1515641881
3126813575
3081321437
3375614033
2295452601
2735261998
3421610243
3302578904
365060946
398065977
895723237
40242188
485187061
3052908831
3269108435
3303755128
480747409
1137661111
3198165747
3133952080
2712429151
297399553
1252040286
2174505405
351942279
3351179146
219914147
394756830
608563174
544398359
169596607
3329362294
432773642
171614167
114424313
36172679
2255399330
2383721024
701472746
1479215575
2680696618
1219035668
2571776029
351094924
2263912622
707979438
3025297529
114898281
408399084
1427612796
392443073
2402751334
547031888
801926196
215921498
307395206
365479705
377314772
3216960556
2967356619
851010103
791311490
3305444440
2264339166
1513195369
3091369696
1578321768
2612009235
3375291897
3062825721
399684632
2608121984
2328776091
2661072491
708852901
343324969
49315962
44110028
2607550254
2848370489
1519219147
2158845772
3049280985
1272610711
3346289663
3235560825
3372617345
2960669302
968991386
946613216
3033093575
2880136249
2752649746
3339527919
3295321887
183943082
165093349
1441640948
2874961612
2532861634
1086252956
2306244891
2506743838
3380283737
3124618349
1554352334
1133712097
1468619406
840218876
2330806118
2644520478
123364175
947491106
330551709
2459398104
3241486749
108452974
2792655945
2442875845
2159967763
3311830499
343376683
512515162
184313703
2422534124
897698437
405777280
3372227811
3107914449
2991665573
69672838
1680553476
561652482
3259948600
1048374644
151538989
1362359084
3400398827
87691664
2808943270
557770230
2827574837
3068837067
2924775634
1613772830
2881485971
3385480083
2823620687
1028072534
2982675731
857638915
2157458588
353288217
2843701035
369671369
2302742280
462346891
346459347
405015059
2245398367
1238725039
348969538
2232829785
3300497986
3288906045
2510296177
284476507
378870212
2627340200
326100506
279787840
477141373
2278801965
762233761
2883360557
327020701
414128153
2375267838
488285765
815628889
229833397
250864554
3335459596
251599057
2340160631
125266170
1310716034
1398313700
405483427
1151887297
711651705
473849846
77463059
386149355
298729064
3298556648
2174777600
2948900554
3400440965
2775067265
2359819350
629703054
2405960848
1241083194
344018455
2578270186
467357126
3043567413
288398446
2782642775
525799003
2495371144
2472203762
1060866199
3384263367
3070143886
1307093719
2869676950
2647809286
2850558577
1151520924
323693761
2490281649
309038799
2554641432
3082676128
1513331912
1511101862
1478321059
3245215102
2859387110
1409625698
1611508074
1541480732
2712965905
288144308
2997852675
314815983
545305049
2443877819
254210760
34763716
1600833648
2427881784
465471758
734709902
322501276
308626695
103910954
1585742917
286635396
425394794
3126870176
2429202990
2960870411
2985888856
956354666
623665457
1575905653
83155133
3042608211
459071271
367189793
483472007
2198379748
418267730
2181102383
125322253
3412356867
973617534
713883343
304514295
3355509869
109538362
1598295158
2242689398
292495901
3157827765
3342002645
2756692289
254607478
559549578
1858204957
2502579596
1480651020
2181111963
262119908
3091728388
278891794
3365799629
3400173533
1528365013
1534139486
1591495908
356045401
534723376
2253046827
2929305851
3251319537
91145037
2799729941
109246992
1542990186
460096731
3427997224
444077616
2166114100
2183639176
2620070803
2772415540
3312427894
2650326487
3372211785
93221265
165343376
808974008
1052484217
223139946
743825941
1373158950
840306830
548543882
3293777911
285790584
183709758
2250683896
2439964422
493577405
2511974048
3074947726
2161725139
2575510054
2216268045
2973368674
200537641
1860698959
2937688258
2664962855
3231694216
2982669520
18870766
223965539
2948833696
2655639641
2760536393
2425986421
445442857
1951650114
3096319827
943398918
610705403
402893831
923734808
3018469533
2513289258
1693795135
482032199
2821415069
371395635
2800719695
1957562492
2328398193
337295229
397583624
1617767191
565598603
1527600265
622712352
917754128
2784697225
2730048435
123251747
625820240
264150683
2960233383
357534774
1114519124
50797952
2764887058
3058772539
2835531743
323292011
3296915951
185310348
170032632
2577741364
89391855
1968250880
487535517
1496390191
805348932
3432763119
3331840840
296853721
1949289920
605743417
2878432017
2158392760
3190788994
2177957947
2296030598
3308493873
1639443588
96744941
398196674
395569756
2572142777
3116665911
111437703
484984384
2363813306
3337373938
1473512958
2483620920
2202881687
2374337479
3182229585
3053342411
711402896
1655992958
2986798168
711079060
293442041
2808128561
3384273009
2964209044
400897583
3039457696
3152710312
705986000
3234270117
2819698281
711294554
3050006939
1109407268
2519743370
270572350
624066303
200180455
465988759
2747402206
1658709926
3402723353
2724561760
388491138
3116002581
1452117457
517853772
553894428
350312859
2742487809
3130014243
449628989
303676546
2236664664
2858515776
428166738
1170458268
318320388
362056518
400319637
2432356345
2497534509
717947180
333310322
1235908033
3061700963
3312659711
3025292273
754775250
2260378309
3248173823
3072229294
2757942759
2600819128
2382170311
3404964203
3049632816
434747238
2222770944
2826692708
296225782
2518761755
3080785706
321283148
3199959801
3301543738
3155918631
487660585
460981949
2813740955
2824953970
2850378253
60877776
3317818499
3244625651
210172646
1003813452
1015545805
1083836808
3151045648
1147801404
1558299961
3355544524
290430992
627270851
3314946713
2259922386
370150367
3290421348
221739006
2932699763
715728157
3149484214
2424285427
42841444
551810255
2784140416
2469499774
3134150691
143966797
469221560
3299092306
3107170641
1834506918
3241070667
1511793271
2730961659
486565819
3357207747
615231603
3160550631
1317116292
1601063348
3323565345
154094240
531317211
1318969795
2967576604
2319020723
106484939
3342148618
716982567
1538581848
952981634
3378867221
2823013150
1438121426
2148815252
1452085554
3130636977
521943354
1482304555
1412491302
2207436732
2447691571
538296513
2619538209
2852530563
2869063932
1919854741
3133302500
389456363
2307912973
368169518
2824271821
3253892855
612897440
954057326
2275314554
129136593
1335979652
429895867
736283288
2321311665
2901588199
2949789489
211150971
3131697850
2871096891
3434913532
634015269
3242055005
1863564234
170109701
1080457614
1480337244
2690151158
472340776
1256922074
3413276326
1865032885
2218356110
38341062
3382954127
610718462
341198684
408647738
3200594323
2465327433
542004118
1966844701
3107505562
93277638
2497987705
291683857
2955257573
3092521216
387161389
342031866
429110310
987000806
3296301567
2850319257
359817547
3129297015
2593648993
2428570867
2917624672
347735542
551362418
3235855774
2159230219
3021268786
2869390306
1488230941
2925340611
592465123
95873084
2816510978
2451897866
1648813884
2201977446
1638412040
3154032741
2843852766
2507346901
2309740661
2830052921
2880417491
3377798391
2983057733
3291653410
3121404914
3318948719
2505209053
2626389268
368948837
3295201753
3098400315
2865363662
1483299756
218488420
321383105
1743920958
3043977346
428292411
263262311
488397602
2759217742
203046811
363322764
3355031649
62477560
313127382
454784715
2932108565
3308284365
3302643016
470944555
339867373
339933750
3332501506
324836035
3257912735
614874281
3145906239
3295790767
2405978002
3387569019
2957194174
2822734563
1131806515
2256982358
276030048
2207588420
3414560499
2379789315
1080854804
214672878
2841086217
329109591
187904249
2813390505
2784171811
69589842
492336982
273979341
2385725528
2875087181
2971370008
1490672155
2211085039
1097740952
2838242805
558866756
239547713
873244387
2386358187
2258030270
3395104325
225371498
3297937948
479582813
1401164028
487325466
348487400
3062646705
27422432
2888924427
494176510
201831325
2489753239
3234181016
421561836
435932869
364761148
559859881
2872518779
2644834091
413155245
954349148
1061477708
3127364391
2394451915
85289625
2797940103
1432650284
3233801806
2233352433
2876068787
312120963
2575072295
336990145
634592345
2464395330
870365934
2909227425
341420598
2324128304
2264910895
3092823553
615010504
49559333
280036127
2511846596
3245501236
2802266205
256969897
448111647
2202171366
1931320208
2846725413
3334519048
582671195
752264107
3329719143
456549656
149671828
399272547
3234094516
376978054
2306299510
114161571
2887070877
519422432
290740705
86665649
2596768958
108722820
449293272
3331755670
463657597
1854619999
1351666483
3021822471
356326008
190949079
220431418
187935280
1108130058
3120921176
2816316934
1668673729
2746169345
102691262
341497217
3039684945
2898164351
3052443698
1429994270
2607725065
452339648
2871873867
3138451690
419803327
2830330230
3197118467
1691049500
1563521203
1640435053
2734417245
237738355
374493174
1489831099
232945794
3236420117
402319583
507318758
369602938
2261744923
477728648
804240234
3114230337
523424580
2996211695
3159269224
477226000
792934297
3333535588
69140323
2787546141
91099352
3201631727
3064994961
2859679539
1299200952
1475320466
2874233394
2904235661
2960078976
1949522694
2805234261
1422814098
3126285489
712078746
40251420
3141882983
411769023
2765828956
3129482685
741379020
3246905943
623157011
167788521
393083853
3310337379
476232816
1570885406
131773416
3291428569
388861264
232848192
346148880
1061449801
842317616
1051107739
1474636628
2268156774
2420593872
1020438607
486623958
3291576141
188885758
2992962465
770388726
1897976786
3471547942
1478179471
2453587292
58755665
2739945052
2453619248
2901873496
3012561483
2821155886
2270585604
2246294674
1718709936
106661445
121245224
3186123983
283437420
430565534
310329826
730551258
1539664645
2825076500
478234954
148254111
1101984667
815145877
1130772487
481187100
2473624700
3304645385
2230306034
253001941
2229929410
3101970076
2247386318
386661580
3163019049
2763528315
2330847363
315632555
225752627
2727491199
219285752
332945040
261318029
2207204975
1300235984
701438258
2866658852
249718997
1857758689
791253576
184722560
467475696
1686671040
3351019889
490811595
67093933
700970016
3346792426
2611874845
3347843632
421870100
15795686
3091478521
1472732952
2882435236
185235107
131816515
2456166872
513025207
2328895085
882648578
2553164876
2980976470
2229991840
1278356076
2518442894
279957685
2266267662
3262202255
2787921465
803401106
1520049096
99617338
3153807826
3041434961
3036973618
73525486
49805184
363397040
2575346995
2720169105
458667011
2318874302
468310829
3037950275
347809719
2228929575
459279287
254102505
575756719
2231324743
3347499465
3239644364
291083282
103080363
1326897404
820272739
2230063970
3431073585
104189544
3010462265
1449017977
2956725915
916764116
3317289040
2313947624
3300789699
1954455301
3191702208
742688760
2284768838
3097825751
2593172955
81088703
2948945325
3147368051
2306820704
3331036377
3306133547
3147482706
3258317242
335577808
3021693017
3023942529
457859471
290513532
99132418
3142546401
127545113
2284585083
946381548
2229186124
118652948
320154431
137021408
3388053549
2348709368
3195289343
11512672
2240012182
2160688460
444533290
454318663
2706246456
145004594
2753326023
2761999854
457708461
70881472
69631986
2825894841
3081388065
3341052148
492111597
425121061
303425323
230673912
396703669
1920959454
2834128391
2784691308
1459391486
829708830
2389471501
1486184900
2713022290
768416402
427657159
3315467368
158719299
3322631645
1852301395
1436707453
3135107777
2684459128
404869225
390997839
222109481
1263805387
3372469799
409827960
1089487940
2819802593
2459516192
1702429099
288957156
463082421
3292039718
2617177460
1924307220
2851811919
2706298597
1106704824
116003335
2553403926
279966296
2464413342
3088796109
603542476
2787238258
2927125245
2360792420
345003310
3017446837
3324697197
59099720
2953823501
289270197
1632876738
628289765
269222535
1420418971
1595242284
1051652858
398561136
1246625154
257406853
2793852854
337945290
463949208
817773860
3295800976
767491056
315748838
1426337737
338244854
1521701240
371743305
2476751795
3307859405
2905649021
1690515350
3195416673
2499610135
155332832
2902536454
314242561
110858095
3339341057
538583549
3402915411
228140895
550456789
3186693736
1038152330
426190677
3391957839
2877792939
143803416
3019509371
2592258794
2421594811
42210759
2463615638
1543106024
2908993731
3080332565
232363283
362076950
1582846406
352194759
3421345493
2364543731
3196218604
2305929759
566601762
1623756920
3201166853
190745403
886620218
39460569
3165872216
516794171
2753463413
463202667
409466500
1506593648
437451867
3235659069
2266399608
184094017
469610356
483253126
591742941
359572956
471331607
2433342841
941047308
356207774
2318704016
710628552
2149763567
3060099657
335114400
1510157114
2851143297
612924355
929174406
1543332691
2613214415
1408294633
349845058
3305528140
275056212
3337603420
2975521372
66687209
2730092712
3367384336
798013736
1485058292
617213219
3405873430
2602168185
2797720342
445685504
369706501
3426315400
2921924679
305514190
2946983039
99778706
3251693320
306322429
2811705346
2283941400
2539367683
215754517
3292378830
363467804
3408873777
97040667
2473955065
2153134421
324761018
91818334
3141011705
325671686
2469240457
2377012527
3297989892
3310274524
1480125895
2505485364
238690787
897905935
1016899153
3309923481
3115265481
543679583
287910614
1690255140
1918163845
61459857
2300922960
388875509
3236542976
714042379
575716530
3051132234
2169211017
2944026683
3397178711
3108466913
2727578008
2723647852
271941017
2468055570
3346979044
2849935516
730822747
1511700240
1462725750
609624913
2775867359
2903018541
1972265863
2459359791
1493985462
560184626
299010189
3027088989
2570837483
3425410571
2978300259
2976183904
2908537559
3314658544
593036862
2821571291
555514346
2427491295
946702117
275918130
3396930160
2637069531
2740407997
2182940871
2970614561
1070827050
2844071177
2172749372
2587929683
2696672984
569478168
593075686
3110407409
1013556289
326324263
554642687
2760829047
2949168117
1374422269
88097890
1572618338
49624389
321693960
3331294090
2205712106
2469058261
256000330
81999332
3030888524
1551385814
2930635151
993364658
1229128386
512946201
385696788
3001063403
343325078
416541386
148422918
3320586836
2960445441
2231426020
348486067
1596115681
2831755424
2858282866
1110208123
1574643835
155370014
1860629066
3067362321
3417854537
1337509890
187859738
265682798
623813800
2802896231
616961228
483076556
3114063371
2546963264
1114469726
3188774188
849866670
303149020
435725661
2175114486
160705185
869954437
2807976943
2457026269
374793754
1413578106
3062425816
2160287471
3229023525
501598661
3052263321
2405594259
208228258
3227105339
3089140907
2851220974
452167051
3339774460
3482222295
338207721
883102171
888790262
1491898334
1458978216
2808481809
2230465004
621840893
2227195737
569073246
498647925
211528457
356499330
112266847
419519219
475262479
3422949437
2901041026
3245029133
334660787
3234031093
2950261354
352571341
366125276
2229469423
2974464617
470071975
509058832
1516662030
828025886
2950466013
2296885844
17142064
2259211161
1726143481
1494891343
892736622
1050733915
3293755983
2438172109
2149165033
2844871392
3173397628
487474277
2827394879
78634671
2253385945
3040099518
1077119317
573964548
48315317
3041392012
161960642
3342847930
3138365356
835310353
2174484173
560501924
291028871
3413687776
2845292041
2147700216
283083538
3007848366
2253873594
2805669579
463888668
945535963
397239913
492426385
625409002
1049954953
3033377713
2637297437
477741898
469393101
2289802030
2834843579
1638044378
2808453663
2780216635
2483631042
326435361
1716670824
2412786273
2411492524
954267188
265868821
731745457
3108660227
2482858376
385662116
3218015957
260259518
2831997783
976194944
315984738
469190482
3295865210
232658768
2442612006
3431225351
925791914
3082025232
1171481718
255904898
3318939357
157776558
760380583
2188287693
206780732
2803175323
2570697429
3178027821
2283869988
2867575202
374669870
337902281
210174284
602104395
2785156179
3303116267
370707113
489310990
1216740818
2884105234
989512490
1171940766
2924759849
3081113956
2243188533
171553063
2329113349
81670860
3301904662
2737554795
1307807168
108086448
576231059
1500832646
423707536
3073837371
3113839630
2785781257
322816513
1091354204
2932775045
1450822334
1396719020
210411797
475653255
3436104538
1256652332
3323354211
123961874
390847285
557990713
1598798467
968374970
1675758770
2837399020
2255522431
1611060738
1734937362
230996556
833863375
708070508
2396086111
1080088758
3003441045
2824940639
494267688
1193306154
1303136306
1625152555
55499236
78258720
3397001739
266194310
352072657
2280958638
2819473793
625673800
385641391
254429468
492603065
2798112495
2538115044
618955448
185134461
487734675
573601735
289429697
361366920
3421896059
3228981291
723737534
342353246
584949398
391949429
2513272843
3342560219
1696665516
236988476
3435774467
2441442872
480757253
2585116138
778110396
1316323303
1323504702
890402468
3092205550
3039349846
2981663753
868466827
2899586793
448989494
2328720929
3254113215
3091938477
2788013735
3044576270
3340997938
510112262
2887115885
1633010917
576191919
2233755849
3059671707
252985907
1222980674
1011931332
2978138254
2820740140
2977114595
341594336
2990405807
99548042
1560508603
2319375018
363508026
2817712938
549241458
288168024
3232740910
3254625634
2156426029
579843299
462030509
2449460370
1288644836
295391287
3056622448
2188267351
385656805
720014568
1474173854
471008809
402139005
3290351465
2572987228
2628911182
338986624
2170245236
110942163
2747854265
2501363151
1696698600
3248501435
3020659335
2922916125
2583161601
306310392
314897433
2926704382
3104641395
3147315670
1606039052
3290309119
3356369728
1476934724
475196399
578150790
3042333952
285702779
264424101
2216170045
1030330627
790000290
499080841
2992455922
231897169
2925729475
3234152502
108010600
3156652987
247121081
3158036758
1333257362
277384032
354359231
365950871
714335482
127320121
1474718251
455896971
2194099507
706683110
2511961866
255503038
379767079
95051232
2682030885
444021242
2890139274
308625547
458533827
293109974
2411488764
2662686115
2949506639
3058802763
499763970
3078300776
736422546
2613063524
2657173475
2180508829
264763123
704779555
460117775
1725949915
313479514
1056574590
3310238908
3307879384
1671267283
1418160745
708599660
527908015
2415436880
306166373
1417901964
1626339631
3307514945
133062984
1143677984
292564876
433523818
3120117472
399078759
173876594
1470586004
30641677
3020194756
3039257555
2831515161
254983713
2349513073
265795023
3347459362
2427695208
2995841319
804165314
2768696937
3413582086
288426784
518316802
2846764489
3062283701
1468227864
392738471
1569903559
36629265
734467482
3032869433
2425839630
2375558529
958599199
962956850
2754557727
2430862555
180338898
2248541895
3346289307
3245268449
2960873339
1290698029
