3116059977
2844289835
171844666
418042887
246970040
1487244842
440814273
3251876255
713075451
893470272
1963393650
2501952158
2873031412
2253931939
1857201764
3386247701
300241899
77982497
1557736586
193075021
3395867589
3291594075
772690712
466897505
447355654
2842696024
87870488
520701819
265931187
37075882
2740179193
3317846890
2628617583
948347431
3296159942
2342534225
143514565
126384707
1208925511
533270228
3048997779
2904907816
385576286
124703802
409646880
1241436552
714960406
2195919473
1723375981
1653663420
415022409
452439121
587355346
231364334
1153392679
2757082275
526076355
3309783934
2211929249
1330979172
451604988
3013456485
1493737640
3143904875
1155276559
1434959882
103798796
2202862823
394699099
2328059781
1687716750
2775755429
408711434
2200031437
340210283
2826981781
1107515358
972535501
131121640
2493053979
278030162
2849377352
232828062
1106058158
1521706250
245495323
329572707
2314632929
1479971424
229912134
3104648854
201879781
2337291122
3240281535
3166762328
478025938
1543531909
1493611808
3158494395
143688280
2798012915
1448294498
3156363805
242695018
438736500
3123647601
3094388537
2253220543
2385448538
62065015
291676060
156078251
569964029
1489794260
2860663523
533360167
177833548
1336983614
561538689
1403758243
2343858673
1437866190
3254364449
2915784101
300129711
73770093
3201153712
2894852981
2785167761
1366566918
3025580387
252271560
107582775
202157790
241845769
2259026171
501663381
591072546
259306315
2200348102
1673748032
284032922
1585893344
465972562
1708027032
2651130272
2474197158
1324242462
3103431988
2196831391
355046346
2393172853
466979440
1267131205
450227667
3336681058
915053558
88210310
2194381222
2584236440
759390350
389376559
2893077467
1158193698
3127925786
252043138
3173277087
103722081
1541746326
1511838349
200934574
2233622502
3331284077
1345097756
2865814672
101846891
1024115408
3356689624
618132505
2158651244
58758877
2188146653
316395021
371415073
406334518
219312829
2620070803
1260244585
1689310171
159897789
2168932352
299566831
2401878886
2696473087
316995773
618955448
3250429036
2801613189
2814040114
970605084
84729044
1016020195
2962267973
80248679
787872625
628545424
882129606
3020055794
1593549960
1027275385
1494196232
96416424
243653568
158362244
3314839757
36389786
1640081870
942814116
1561567248
2711355406
1140284604
1241567634
3047859556
3296676706
479741629
2620582756
212734588
184927514
3157861862
2843989177
3372238455
3165936161
2237621763
2427043579
516578419
3344399205
536676261
165095605
371428160
3333101405
2774696727
1633228044
2510835880
582045259
446540930
951355614
90474926
457779786
2763113684
220706699
34684660
2765750414
1521715026
365530371
2347011234
532503702
2985289257
910423782
369515886
3387846207
619290682
98091273
2844283222
2911807510
2902179701
2647331531
3420101667
597724682
3372667763
2924621030
490531498
1236713340
81105653
3350831079
368473549
2999816543
211666738
358073614
2361778250
842338614
3128023718
1521577586
2313756356
2295720546
2821245022
926420370
383718707
580165760
1455611089
2817387692
2431725890
2676291485
2828673359
3160664651
2793891712
616520443
2820060195
475952008
1085156197
2273362006
3341556585
923437926
476972967
1707678907
2460513652
2845334271
451449858
1611572713
88233012
3032416787
2539367049
584710677
3051029408
2780529557
352316297
367943252
2732485567
3096678514
713135569
544669711
2187304467
1495958534
201372915
115922491
3547481842
1159754514
2899635621
3344318026
3410712502
2444048317
212169673
398236600
1248458869
2668873441
2252269920
1101076759
541168952
1524048494
36621087
3389611852
1513160346
151098424
2987300879
129163720
1666321074
1613189006
3074858477
1951650114
933868268
3291038948
1537462993
3409000763
484982050
3329327533
1975452403
565726567
3292529694
3364479551
2504704696
2979582485
375488799
882043698
616381832
482895034
2370898580
223558355
3099701272
2370683264
3343842837
3228982617
1085652174
3295633940
2255519558
2304807914
896424008
3294358287
3331673086
31092270
3214756173
553883109
2155368592
34876510
78577528
50326644
1089560461
2583752684
3414845225
226863280
2982089170
186543452
397339841
3235556619
383743067
3233533342
557680385
3364917281
292667752
611978649
2608369607
3424718003
328579313
304635457
1643641014
178642029
2933478688
3426694402
2864490874
293649950
304911112
266222526
3026462044
449401620
2670210277
1956401941
983039064
97523388
23930374
2765094622
350975773
1516236390
522209621
1259493824
941389296
309957858
761832404
2993331688
2989280061
15131778
556853092
429053199
2753325250
625907836
1463285658
73336558
2571572953
18508313
67813133
2905450509
121088410
1182686814
3012173320
3235007273
538994116
163037603
3398538064
183575499
734467482
34880928
3096875864
382715412
285112321
580363460
78325444
342181723
1600622334
421297773
179449261
1907230081
294756422
1732494252
20522439
2332980630
2935491647
605842898
3047907822
3345590697
222391133
1722261528
2274786508
2996805866
3224168201
3243881338
1273196257
2867917530
3420021670
1635576776
265712780
3037470005
2402310521
295051857
1132162543
339508698
278725947
231187264
206985297
197537487
1400169241
414218521
1228333843
771117878
3076563525
1327447831
1641316754
421061043
999804841
409209955
1292536218
791422362
256665334
2428749085
2844435077
339080135
97196657
478587201
2887538939
943532071
988631076
182536597
455238006
1595353974
3611345841
3317445694
532202413
1681152350
411609545
2980802901
853584954
1443896132
1562600334
3335363661
2541559094
2505945221
908817943
2753931953
2737598182
2923163785
2467790036
2899223921
552981008
1480364598
415067225
1527952550
463903327
2910107578
519872954
3333540653
300932489
2738296858
220041908
2761985434
2736541569
1484708552
3579935117
2623403551
1354362714
3145055008
3300271031
1259160840
3030894428
2904943065
286610762
3115257161
423350067
307826155
3124732383
3243919091
3224642422
2769152127
419312824
1594548811
316123282
2634041249
96939903
1628313607
97055553
2541848500
337799449
2767113048
3072454161
1957624105
778233644
226997507
2242097168
617030804
2957217820
636350426
1474952624
1109157355
3170598526
3683312897
2566535282
2685716804
3289256217
3222644234
2651603614
2469879611
3317442771
2298170364
3415621179
531140414
452409667
2999840700
57401003
273559017
2968236496
242323482
418391580
95210476
257941615
463863474
3153585881
2219949295
67894962
2878531180
1128774234
472159641
3051494338
329054241
362197116
298396403
2867955861
337045958
280237287
75240555
371398125
1091410057
2863058453
3027258759
1591824907
2444573443
246771200
276691323
2521815004
3389765848
2573142265
2721144345
338454527
2352384233
2355117897
2260094977
1582848648
224703102
1160402592
382629392
449731342
1539832969
1671082351
2481547588
186064241
246993396
630030090
163798019
276621506
2948526945
1142645942
1938701305
2826970679
3164951608
2369037194
82059399
2956366547
3317487491
504865498
484807479
2311461733
3037049432
109565153
1429792638
2917959592
164999878
49770741
2871962621
2726157245
576948085
2903528878
1307455387
541699713
2930405068
226935303
3231071590
139070462
2231868108
2821887672
2409394081
1538797927
2849218976
3052731522
259695513
335339752
2290000944
2180582150
304965508
482277933
1961113717
3378541846
252670819
587660842
246322918
1626314226
281964287
3248716763
482890039
3346642625
3317039464
3076776476
96397742
2721202876
3035529923
790154412
846948762
150340065
268950955
114483769
190379346
220311703
2557647626
301000780
3371515840
186246677
2749150187
2724535142
1632669680
118094015
3033432407
236125793
2777101176
2456248688
1020712304
1487782165
1516087628
50821860
606199921
1584944857
205893227
1904207324
63394507
3415752813
168426076
488853524
3397376649
264635374
845495948
800657401
3348758435
3298688204
1255468291
3071173073
101570942
1096467980
1020314798
3360053907
270572350
345839634
2502329424
174996997
408702985
424028124
3387864983
997139396
2978668697
132135515
269998510
1514746794
75293774
2812858557
1337423641
221881587
124884842
3351608457
3371361167
2382120823
311993560
62248461
2385733243
341470033
3297624891
2953128845
432539701
3216632301
472349902
344253997
316464692
363654135
337104126
484136637
544333831
728552900
3231416237
3240221044
3023030514
2740181673
2888350511
1637991504
1581908221
3298522603
3006556065
42221314
92244571
896458730
3368307873
234495727
1451082648
2734367154
295280183
2200341824
455691369
454236940
141544144
285025161
2265747926
2334898298
1148665098
1559826212
520606704
123987210
2191252798
404396098
308678498
126465561
277150577
2844928036
2955806764
2746703833
450430864
382637937
1475470652
838384226
187861284
1608208088
3045315021
73387846
481180476
2535255147
3126313835
347677087
3048194383
169662389
2432293495
2285708756
3243336353
3050659019
3304094639
2525459652
246514104
3303511929
2875412433
3019978637
2958376647
2938802818
253152993
437607186
327604662
402304833
798976412
233582196
1773790304
3196065915
1439778456
265595980
3296027126
1116425857
2499326604
3119773065
3379405977
399416141
172852480
1133171965
2205613189
270948276
20567939
1944817790
3317470443
2902008362
1389551570
3245455340
757034377
262119908
1346121950
65154861
3454996456
953412804
396039883
2735370946
2947472507
2494663303
3296026528
3602710402
97036335
2218464121
364278115
252283801
295996641
356932016
3177141105
456532739
2840593744
1016899153
634893406
92531416
457558762
481399356
2835876788
3517596733
117829156
3131655771
225161828
3059376429
325197216
494477851
1217931109
632244642
2286787520
2855193849
1524524293
460204705
246161103
438741755
2605265312
2190795336
318802426
203576115
400682421
3235221497
1149341984
782780454
3069828292
965849466
2420383709
793144261
872244828
2932835906
919475088
732511736
3432041074
2818564405
984191118
895339770
2416085409
2165084852
2219342308
2858923485
179085796
481506931
2812596972
433568236
602215053
2237801562
2391849144
112391441
224176106
3300276263
1269859069
345593327
1673181073
915679748
1606790300
3114389026
378230355
3300749841
546434568
2973235948
2897398912
636202533
949713937
2231324743
904239530
478631762
1019819334
551271276
3340844278
2393361619
30920048
82090870
2898477940
1594258081
826213772
3291450718
305181099
120816718
1873160718
98645997
2467516095
945451129
3391579539
1541073348
3119580625
833164272
2457962350
3050294579
904579346
777106958
2735501154
382862348
1638231860
327926817
311430278
1203428737
365665378
462882070
467570190
3041820299
510397034
1182108997
170032632
299856002
2931073499
2202911902
3312828485
1640632176
393639816
269848708
2149993509
1372401745
1927209062
2280259407
1380131898
510924451
603938755
483768463
401907828
1216806462
2881709539
2776205117
2738974893
772216010
3342626889
161413366
197029930
2348415800
214899437
3357207747
902382374
1069178257
2411599254
1878453624
1329016159
1491403466
291169307
1937374638
274696032
98250867
3456615797
2939818485
2887243187
2799980865
2241722812
455022986
705236152
3407754723
3079570085
444734513
3397389557
2879805098
3179668177
2823131524
2528006984
900525506
3380968996
3780829589
1558490664
147129470
446564084
3335032271
69226432
188071318
780364219
92981375
593708569
294189186
3297859511
2228540020
3325757501
3360626662
541154955
494417806
324983817
2177956740
3297602516
261414756
3309192243
347905366
984917070
356231001
462849184
293478964
266088916
3002201003
3397476503
1474359025
2385592975
3406276443
825252162
1490277607
3656172136
2351255916
3042201382
2809323206
3372110470
109292013
1154921618
329325324
3173184947
3589898787
3392984393
149942127
999813834
355786380
2161307414
113167042
158634590
357697891
2867441375
160870124
37942192
484890547
2574560881
3002852951
518497866
3149404696
3311936992
310263607
2262418198
1543790966
2262917888
2775794591
3315275455
373866006
1697497518
1152436730
3311740469
2272160719
705574704
3005167168
2731238526
246374697
1451176436
3309882562
540353510
1024390819
345231050
315056888
225745036
2421003619
106720937
2769913120
1488367482
3346437825
2515787274
3398784359
2351002264
77526952
2544523932
2832976897
864677707
289219600
2834292953
1162326204
1169494573
3178046033
3205061439
1591840602
109099014
221358654
630864686
3025575373
447089767
3470163675
1622582004
292373186
3347289795
2962967099
285052840
2171018796
2933754167
3291829554
441282003
2981663753
315799468
758174960
104661012
3004256099
3055394645
9181342
1560978710
1241961007
3309865912
3372410289
95098979
745286293
3099142473
2408932167
820246339
2940617356
2396825511
811365673
2865946635
1085869496
2816771177
2777537827
2401159196
1002431300
3295113841
1549087147
14583792
397448898
2772433151
2732190492
2348708155
2384046224
2864465930
3623504655
2203069030
272495871
809366208
1979043162
1027432176
119035252
172071153
3403487969
1134896059
1033167146
287176836
2580964235
883364136
1706418720
2449838930
2245073165
3234344045
1530827875
728304416
1193666623
291028871
100339545
358250869
1593556519
285584008
2798365192
334165261
2436833827
291909626
320683311
3346376897
3655873636
3206875179
2418856912
320894399
557852579
1031351828
2976589241
238224617
290881526
362688099
149944117
397013972
3071806761
3341986083
3391333247
439164016
2446738645
2278034108
156926140
127513467
232394988
2160012651
3361266969
1486117975
2764713142
402842214
2939746611
232848192
300530808
1591832912
3252218261
599979204
2993775789
1963313012
91444055
2914132188
367254028
372995715
2425889318
3257938287
420192189
3235335996
428536891
2949118277
1530716234
533142022
2468356586
373287329
2312835172
3124173213
357443360
114776514
811471854
2207077609
1976426647
575914746
2802317054
24851444
2393112973
1893131532
165255622
347864086
2436972548
230779930
477040363
329936182
289833387
3346140039
2534136695
924895584
2524136643
226153494
1573667240
477790375
2850814814
3302487496
284681921
2315779345
1015287943
3343072289
713052458
3058688993
211150971
252805573
717866414
1487373565
400054640
461321507
2868604349
2817357659
2325417989
2938252871
385924527
3239462141
291248868
802809318
2878147475
493672219
1568076080
265490290
2164731499
1496361522
2855247107
30122242
3291002736
2256927914
2223887024
2362899509
138274832
2418058832
193651572
427582386
238156229
248392627
2531038341
515761776
2856966375
2323485927
2434534718
135826220
3408826113
320391141
2586368646
746309162
1891758463
245693668
288422936
394630160
78787098
3300575992
475848193
255918190
1137851832
2264214981
1527217502
202326740
751880606
341012400
397494010
607415562
1426305764
2491249674
276550865
338459738
1490553708
2738354513
3164237807
1323413922
2583778938
300709761
2476072819
88070557
923089046
2467907543
2220266677
104271094
494543667
611975781
2984258967
2268649604
175747857
391620391
3259112511
520386107
1972824632
2798482431
820013772
127869530
2854214872
610217819
2475225926
64753254
442693440
21849480
1715071968
319788385
2676900779
2265803281
1005762692
1510610172
2678973661
800920284
2474449574
2829495987
284059919
618971134
3406944159
1527654786
3136033299
356160354
379050802
802158204
388782403
429010502
253227005
3091479376
77362607
2186693799
440110603
349400369
2973886497
2301774973
219235867
460833143
410655848
198819493
2290272962
396570597
3215659292
594855194
954231199
3074580172
1924196132
73490262
1013202750
3424416905
274905755
464614845
2201009078
268051742
224548213
440725607
88910153
475756975
200823328
93826469
2528048854
481447234
371566441
145554878
2675391460
145961174
3374594411
67918993
397070910
2838369239
3221522296
111074128
405119169
2190516172
164404050
2348453076
304989726
2391256116
47767468
2149088808
315822509
2817543269
127169382
293051436
3317892796
3601972575
114259406
1901605262
1054745490
373389796
1024252304
376104012
1330020974
3202337272
317668612
431840677
937945664
1054653462
398222864
1276489796
626466723
2938117259
266732933
3080273969
242016037
350212146
3298281253
2514953413
1721465017
2501785170
2784347687
438583279
2243638581
1519943546
73199883
715636789
3342728740
332243358
2171975250
1628986446
707586580
580100112
487535517
2816375674
1051359804
344018455
71205574
2973763234
152714820
1116632077
351801934
3010723179
1511112942
2356346996
3213562449
2511126334
313587900
1477874666
2147575964
94366694
2785887928
1651254146
2988957996
108277140
97168220
1644571171
1896297044
194605057
299287265
2385534037
560221850
1969188300
389330324
109102706
2429067668
236044622
280946235
2776482345
1626094345
2956448470
1482027943
37894015
3404786127
158800638
344250807
153776534
337193441
2604521237
2958397037
2698958984
495184623
320305380
2271486487
3148679342
107070694
1362243325
2915175873
73106804
519642852
2261597934
955464150
29012780
129340636
341492848
2732826424
3313536477
2387688320
100042564
855456325
2235627405
783279714
324420624
1870774579
2991078251
2264599944
1573732214
2792222948
2738282013
3067819276
1700041920
464776955
191591944
3387564796
468830082
1651618746
2691146245
3091481993
171488615
304089078
2872713657
140059353
275191905
250806974
3234527949
279710665
1735450873
3370936301
2523614962
2811385216
553502881
1480372651
234348291
2400304250
3303945311
3260836172
288611372
324640946
2195117058
3170489163
584005008
3020199172
367043235
2732683222
2506878394
454058118
265537728
3305528993
2986273149
2984077096
2543113734
3171307667
2787648189
606102152
601936445
1874466104
488601118
1695067530
3381726069
92753961
1559227878
3028167693
1359111894
90389826
98109520
596342196
296820639
3388179645
1655279419
410867210
3298836402
778711021
3388889493
544210187
529506882
3192820595
2437286772
1342316870
539438367
2302285268
212510903
609750167
2500105910
262753149
3149485661
1931193102
2993914747
2813616447
265687566
3255991696
2940700919
163799266
1570643124
1584181934
3200008019
2266356673
3395853455
2592636599
2552469524
2801946203
99925781
2396531766
2847283130
890660664
982112497
75798268
2724279737
364835159
2306287327
1647154226
2969958952
221497839
3350653102
589442199
2942227935
3301606257
384499559
3295037225
2551053900
3178775559
2928171304
482326570
628377874
3030945045
340234812
359440679
833978515
921655142
1957499384
355808825
3052826072
99535301
3308628646
550199380
515609119
113425394
390088453
1371946056
551092408
424541877
3295790767
3310244013
3197610058
3131711284
545002775
1372177100
2570768932
2231298876
3401189446
312623639
2256610005
880944420
3305488186
799085143
926265650
386521940
816267122
1826068034
3286820665
1582653446
550402521
2420251572
3002989733
2288106409
2575908587
39078389
190971758
534097537
3236501593
329645536
3171601756
195405186
3206404443
1637754145
245011297
532505966
256188868
2348842135
450059966
341662143
242278942
2577701777
2570662414
592901685
2862650600
2344908992
3319024733
2980810374
2303585960
464996449
3143585122
2854994092
2802661847
2252647110
557635707
2523807409
2561612504
730408326
1483940124
455793712
3337448277
151616152
245074961
405634768
229417601
858782670
2767014826
382263846
2284363417
3206855758
2499509816
2309918512
424718600
2281876385
180472652
3288158879
1528997922
481973608
839689344
916684388
1492451029
295387852
1652893872
3067644485
227476438
1339129352
575619920
2890728989
98196362
1514399886
90422530
3179589760
446373134
304534342
541300344
512437041
2417239604
414655382
625940294
469593001
1457354030
1520235757
285536019
945949914
281978370
2998777102
944187542
2656626447
2858844323
1400737585
2407261601
2331588338
1289809771
462385426
385962362
3374527672
327310127
1187015995
2719887029
2736557333
103103086
135828955
2267206604
2504499605
2565955536
1198486435
807197150
3090945563
1560403886
3231679377
2497064221
106204880
239854596
945940874
2980262879
118994346
80724373
3332897123
278960844
2752516155
341098307
2850691957
1627375748
569960990
515233484
2459733349
2965192648
2476562243
435731891
204701771
2405434985
2816045189
425416832
2659289155
77098331
223588427
1667987852
2614660526
2543779265
3787793056
1114088420
559867151
3297817811
2646250818
73650128
164244717
2827167935
2722025222
841532286
258554108
559103715
399998990
95142854
290484938
2990331099
1561499071
1641527786
2953362569
299911093
3297651073
110765613
412606232
3017221426
383859810
220981880
1219939010
376237833
3415445777
3137945301
2828162830
102420077
2755277641
3288027304
330267342
96506406
1544019698
2966006505
2939584960
395643121
715777183
1639015081
305879466
3205558588
397941722
1465623620
1059766525
1726330170
1532379338
353770830
2971889752
143088057
339065833
3219016527
2939822325
3042047703
592656183
442627145
243151184
192155005
380779699
514167495
250864554
163664416
636157357
333985243
3397602293
325395854
1611508074
18860593
450581288
2346702145
2917746905
3395456494
125829610
550919676
1477549872
901755692
400659475
2159461244
199657535
225444881
3432704584
2234050113
2312496714
625820240
2764887058
2430701546
2241376494
71775455
21660525
2209511741
2401272978
487536503
405154636
3307560089
177331057
443561355
3619758975
296142504
493416678
2815455268
3083686979
2256245413
2423045309
279038771
903489031
2916017550
1452085554
3419559293
575833344
110963718
357642968
411107638
2399831642
610718462
291683857
222557843
600280723
1096976022
3254797366
1500789344
118895454
151989347
3027068803
1521796110
2466718029
2333825443
3047496874
26781387
986513988
1267406430
545042474
3043402086
2787255340
419611436
2340758401
2254892675
557733692
169520620
489626005
177997938
19416073
316796578
3404409915
2151359476
2748460636
2810000975
471181950
2178290473
473077227
2966134900
146126552
109631773
2314131493
71192827
2257726044
545814956
3327433007
1574813942
2267489702
1969248584
2354804863
950282161
254665720
3040986281
511546010
1075030190
270243700
3338821055
2799759341
3172468157
313168753
2771001675
853517000
2588150552
2641812039
94982231
116003335
61571074
1165130108
162002162
323084693
3170230079
1358720076
2884928190
335170971
2170452843
365023356
1578676045
3291520309
3115211147
2409455960
549179203
179894925
2530817862
2722351608
1518904280
1586913906
3229157609
1738977535
3317580561
625095779
2759810666
3137575583
2350896451
1635069374
168267521
3111166079
2843907119
3131764520
3351005465
1971802280
1522080811
262302919
293404864
515863603
73650147
298541112
1208021444
2496925249
2298598638
180738732
722271234
719624093
1017134066
2210884433
113901294
822319016
2710221866
249119981
389535984
1685804688
2800549223
375085477
512413413
2722595708
332120404
293066613
3370931345
142009064
99969097
1597132699
465012068
806801628
844158438
1526071746
113900745
252046884
474856593
1481280740
2748612392
3346489372
342957056
230200387
497036477
2824504797
308120352
1322934662
442012106
3533633715
261438051
1642618026
2761156824
3351714903
931720844
1122443719
1610631648
1015042345
493060796
269023797
1539665948
2901594017
1410327997
259691442
1385542194
430665764
160611095
1621169875
2741549403
895169611
3228559888
212037889
2403083118
709018057
3293919717
2402218021
1473855120
147707273
2812001471
1674158324
712639322
1143503953
179479038
3330003821
3360964786
1625244360
62309226
3226310411
599200598
224368971
358716654
1939097437
2891396170
457793846
3167497456
3292798571
389671607
2532357244
717015001
1868111306
3432946067
281236622
2808730839
153826241
92940223
3255674542
15438524
252217376
2281358088
291641413
353301199
401413776
213991030
283439909
418294974
3008967593
89209865
400141983
571801205
399327774
2706921675
3131118719
833863375
1570734342
415132098
736769702
1264726526
3217086237
1627893781
2803027408
1469177640
254697535
3142312301
85157471
282236858
2921097155
3095140679
2400569024
567233685
145798671
1532439295
421336376
166315574
304877909
97964800
1957410894
3103184745
3028469117
537507344
104311272
3335647079
282878904
2187947901
3600559162
63796949
174967002
2295541581
2425767303
3321106677
379076185
455168612
113483807
1535015395
14288037
2891145141
1558373732
388244074
3005735637
1112847438
463595464
160554934
2494097366
2556535753
1447422943
2218176538
3028185123
735532981
3055400658
230794287
3431620815
414881623
1070884087
2273476360
373878807
1073317897
1254476162
2796621698
3398321529
42387439
361141719
3036370134
3719757934
2345696184
177497197
2532680672
358735747
1124459750
3214605094
176468627
336455129
78942840
485277063
210759866
1520566538
268636329
3331153685
158303730
377305752
241095184
2767322777
165211090
168096187
217874781
239120733
377852042
2763821360
403436252
74113739
271532718
2840195344
2834579854
282514047
285994737
94963364
1622547338
2216114202
2261726353
362993581
1485045703
66960892
3092928162
2587087321
118880195
3297676928
523413780
185771259
74716305
3325669667
342048584
540115412
120700690
341972837
3108322283
1473220388
2378804851
509987450
1106816869
2949954747
2805314939
1623444260
1485823303
2747358467
404728903
2450632255
305669818
3116121945
535722507
923761718
2741955906
411732460
1627644289
1490692424
2260433319
387814832
1539455227
108902130
1456948238
2816214485
3344386168
2802658677
333928305
306862317
2865623038
2801345072
175717552
2887918643
3128460435
222757677
472087487
2644860107
2301487351
2844507151
1475399047
1287036001
2774498079
3064364776
482338406
133412501
1916825436
706790864
2592533525
2195935752
951375133
1491318432
743512208
426643631
702228034
383241886
307945067
1594008193
246037947
1608085086
3245906757
109239701
718058425
489749888
2471656839
1652400500
2885369298
286018630
2791035304
2271545248
1566562356
1090339177
77578572
1524062094
3023717922
624274371
2612626157
3201157785
503949965
1666850136
1931983086
3331944299
2857575905
1633883732
3339471399
630729879
3217402231
481162818
2178839053
1209521750
2300009743
2268788929
2343900566
1365397429
617606553
133421247
2263119828
2867889777
3171110055
228852987
3180852839
3134281736
450038167
529824291
627512784
1700076452
2319554406
1568317862
399275987
1664990358
1335178560
3091332755
1290772195
1934261598
579102355
3037836688
411769023
2735287533
2582509251
2940813171
388185324
753498120
2376532461
119007077
2260604155
782293586
2268156774
2957103322
2752031559
3141325241
2684971236
3187507276
3346158010
178816026
2389491698
3384895570
574069380
621003827
1136432917
215635622
1216603490
234849250
162499876
299967561
298683797
1385096360
392362877
2515506347
573893396
900199021
363772880
20998770
2876816043
585254976
213834699
1665693570
1625972954
3313172633
2885436752
897465560
99448196
235707057
494878950
3316035227
216654760
109434817
2459099227
702154926
2431180036
3409254879
2872809224
3355164425
3417721719
111593288
936959370
3398461498
354230830
2724536109
428435379
372501028
3171403127
3152248060
620137857
553083855
352245066
613306465
3395596725
360057521
593993110
586618923
1018698528
2851253495
2319400224
3380918909
873424740
615057334
955756100
1099214936
205358513
482755545
222747417
304481970
438615088
512371889
383043763
2740303116
462781247
2436805303
3155658788
1267729098
3073524055
2362585782
593658329
2283436710
358437259
2754540090
616018962
257919117
291251716
1586617634
2412829131
2269432710
91374303
789264805
557943388
575305372
515031023
327005751
1375384016
399001992
3610277122
770388726
563080091
3402891154
454002419
369426095
390987927
235571941
169546981
280479186
427718928
3289780459
357461196
326095875
1175519335
291066752
1154948365
3262250530
3717421157
2518328329
2178835831
858290600
260374294
1473180673
2314187546
1530646646
776348994
1128262218
489129907
3396224901
90140779
3087404816
2451747146
2494307700
3244839168
1905341803
281640233
969771140
2845049706
1865136392
2180864445
418964556
2366048544
171567564
1717984778
2348993374
535265140
1904201850
1489953578
122998030
1581233790
775991468
199181760
3386116115
1924606242
316339055
3034967789
502305470
3362389017
2217608533
425335917
98276458
2908384451
529661015
168117676
1592053519
233488091
634495868
11686762
1478493919
2880902203
774531481
2758180772
1477858951
310329826
174751085
379070723
603660829
3038466186
104069830
2223860372
1872042859
3245102411
1056228068
2627643191
323172167
469417988
1490734782
1423379173
3217159971
532346174
2326027279
2717258104
618942484
82910032
3732895697
3343004050
215934410
611549254
531250811
1132040900
376095604
1615239211
450466044
214102119
2843717086
3398686714
481187100
2877198409
290680718
209048044
2999755478
493335163
3123331733
2784202394
2894553417
161194970
398028402
528685425
531015076
527832027
69956810
394850341
2817169510
3046140050
85174207
304932118
462334743
36463377
3432800674
1262438924
3097759715
147645295
3399672832
3566590048
1525738896
1472912845
2973566715
143921605
2721212813
301502329
253614736
3435684076
2428809038
105279968
297371853
2733286299
2770224479
301181868
1868423226
3325678618
559363470
2426104051
272873709
1541879719
2905001877
81146850
3304433183
1705739406
61567184
436087180
2477076075
2594626578
2432179405
501980914
2659543426
2797940541
794588684
523335471
251705837
596901903
1919781438
1631522185
67891137
296429214
3392360813
2165562193
3118835943
542588636
60935113
120190287
616399692
2580537620
343597695
2207204975
538129252
464862755
424265382
2484092048
2926843222
2981414843
2982245727
2212242083
3345289419
232689771
408506822
56957751
424959550
3197999393
3177215159
3251945212
2906297560
2864369554
2341920018
95241037
414968692
1179609265
938040092
2279733733
96146503
635461207
2830032673
609368348
3346375835
86903980
107699483
143027566
1441787209
2455192316
3299055910
2950065639
3316148422
471826143
267620441
3076703325
138807636
478041097
3129314311
2465690207
3165161446
3404187274
57622807
87440144
2552982948
3350691166
2999446305
2996397375
294250390
2944662274
943725655
2942160543
545812304
97321390
568857008
3050054562
281034199
302702263
195321391
2353010867
1625070510
2294840623
94527132
83210671
2365751532
1941678271
1552973120
3376268931
80793585
3427748014
2250880208
740533212
2904756543
2294261061
447069466
1919850487
2846710697
2892677247
3096763427
2224583363
315501371
1488537032
967399034
2876260732
354931431
3040416981
838489915
157348963
3128231370
2511137379
860989358
87639632
1510388270
2309458307
257629349
248321268
1417571994
1424074681
138892081
3399108759
83906843
3304486545
16689353
547704338
1065649081
2934045525
2944982914
247021920
2661597937
463253648
61580610
2247835356
155707054
99343844
2193920209
316951843
255149877
2777182045
3094036828
162340901
370516728
2836817564
749038406
2530384297
3356554306
635505622
2769450502
356439674
227967967
3041629877
198441049
20746410
532414100
791282863
944510407
1668285050
3116578837
451589722
3823599077
2885393487
2367120368
318040505
231616711
327244165
2773121965
2918726254
2707375324
394202607
1389349609
2356447032
3340040415
1682302309
3205436055
2440345752
2260437685
2506884858
3144694029
48304732
314490201
180332507
1551208927
318764652
252586920
272295503
1491755498
62357503
2997655619
1618526852
3121425062
535230080
929467195
297891019
2777991537
95088288
917339408
221707062
1034567318
1479530041
2324177946
3021668427
829354736
101471398
240800478
18896163
2815435806
2741785173
1324182960
350183388
2842794676
2357823870
1677850898
2908889111
3244921294
176004277
1514240376
802856384
185115195
2802100606
728115926
2737633744
2930427909
3202812773
1315233738
371424525
382672507
3130926418
3091867117
1640959964
2541356269
2537878555
592337619
3073143906
3075163240
538351686
2713152609
2426911604
1247273538
3046343368
2203045947
3320846879
1952014051
1537050739
286237937
2536869655
2805154386
1453700166
2786242445
3317002407
92970484
3280997721
3221370993
581288699
219914147
2844827106
55189546
350310879
523738125
486027102
891847760
2808897645
901709899
478967015
915888678
2293242768
621035268
2802121243
2948623036
2261922284
2361172987
1696197974
418061885
2777569384
2332324833
3164976549
1557958212
2458564934
1198010508
3333352816
2889544563
3229245375
1517377422
363311594
2263014458
2226528612
299296774
2451777662
1701596708
348721655
2469272027
1134755306
216656351
954379856
2297757072
91134100
2833112643
3132689197
3386610568
123251747
3345994719
703204709
1601106866
3314938389
966305857
1521810282
1218536047
2596557025
2742565564
2951796418
33531034
1572436166
1475020626
398141170
1442217757
578501580
1457639611
1687702436
595399667
2991640067
3326884617
1446189246
2559392589
168455141
762023628
63816284
2201040152
2580664991
1495543026
2439107138
224274599
3029676381
2227201488
3435596483
1665379706
3062252032
2795710121
129019536
1292533710
276548054
74557146
2646386701
1068757100
2397860823
2541689569
449293272
224816387
417905273
3052443698
3003082657
1314975876
2356797650
2836972944
3115603721
1857588078
302605358
721838497
197601286
1648632732
363220946
99126629
2158847000
3378266296
2427010297
3423770680
2837167098
780174445
2668007902
1524713827
883272240
3053689426
436206393
829541143
591158858
1913439356
2720169105
2774802957
2834556083
856240693
191009309
79240851
2568784547
2524739928
1524718416
3023217171
2734287844
289714868
895941283
1669963538
79364129
1664421452
3390772911
339644887
550390397
497970284
2835313900
720618306
3017446837
2870950346
3167181760
360873924
789017413
3434922484
3431544094
2573226504
87529679
159809380
1575304796
1894240123
269312744
3028123894
2983946224
2723666552
2805823931
543630460
1119045367
367859302
177352139
279058444
390146164
1571923358
50576596
3028040559
3130740447
3026538009
1630283184
1624952023
3298343268
3018848909
30631061
2781480573
2177377561
3398828147
2584176773
208520783
1479216452
246775419
391026330
607535479
2787617465
2585900172
2915368046
2237968771
239543884
155175677
2571279166
411643609
2961713285
3009836417
81444457
803211356
430118750
2921737091
1013848686
521943354
3383346281
1631324869
313855009
1000327896
154986574
455634500
146155549
3226206659
608797670
1197501996
531214620
282670739
273293541
556830566
782598961
3324178623
184702504
2797958901
2539734553
3038402256
124211229
738427596
3683643856
740397097
144209128
3082464438
2822312997
3351828153
3415608232
3328992701
701158723
232136171
822907802
215943860
3034885785
822218149
3250199594
269801243
2283205123
3346648457
1524668112
1535137094
3310263489
450420170
2471859675
145217142
238185915
1625436871
269475072
309697724
2465955920
3326596055
2852210643
1196755886
2739882808
513497583
119528603
627121130
3380353600
3314071446
843886686
105200868
1170042182
3347513355
730822747
582147262
124184288
2917644652
1493298134
232242825
2933916685
3432964695
442359876
568287565
2300014207
1662847458
299575277
96939771
253592151
180781831
339738240
417188126
2746604188
117800979
1480050379
1015695110
3352770047
3418724051
629261069
381467205
111688862
266209793
329055298
2812807925
2520971602
1566482857
52389827
225944210
338019215
294252260
3372176061
70586612
486051369
289253528
458561888
2872486835
591800837
419590821
1381846224
626475855
1268614232
1645359498
938887160
556081069
46857006
2553149418
3066000197
2763051434
2999386019
554565895
228512675
2990417002
2798052420
3323760670
171128445
3014510799
607312231
1969685125
1524695750
3134597399
419058078
2744439231
1858558244
2405348796
1370811624
2353893107
227747220
2948934911
3383323666
3352163014
718055348
3047060907
3410909027
2980078197
230320041
217937351
2425961622
1623658400
3010398970
2517277008
66381203
3301968153
338235241
2783617294
306606134
279390084
1217756540
730528603
47942636
173870065
1089787957
111696108
1372680914
353124433
485872780
98877014
2330727150
2198510467
2612302838
158891840
2439271327
383634366
2704257986
2879453943
427364835
327665378
395523348
1635003888
528950926
64990730
31579226
2167409335
536549624
827853824
2949441394
339099715
2151244135
1438110793
1525959044
3243282257
3310453943
261315666
105090523
1112981522
829708830
429077903
2253709302
3100375729
2950412472
1348779049
3403908509
544200942
2778321764
2169042524
381994185
1718308597
2873966540
459083323
277649737
592070974
165912198
108889445
1068824754
1256735450
2532821389
2195941890
3221769677
2899835632
608452758
296571924
434132566
1502962892
316782568
1914689534
332362546
2378616834
1527449473
229836193
11643232
575399756
1292439571
592996675
1538597688
845020554
2952784858
1217708629
2543894494
858032418
572305387
309912734
1469771437
2756150495
2443534772
583349849
3024221500
1575436478
743825941
3346540960
1679318942
1180039086
87028592
632387810
2960211431
3026447836
89277010
91848492
2971631470
2501401705
56633490
18374131
255163735
2659876981
2748824132
1070827050
955475732
757537039
1469001505
2248585499
1550309858
939362864
1128264679
2829210071
252451194
379874019
1032270144
469146179
180718764
95070393
296301130
2961010468
818084882
329316105
39076373
2769721019
3217675611
555942845
318725936
2593133417
635711813
49518404
196531436
3351614525
260192896
2587513209
184888306
553506148
2999673803
759605160
758306286
2720223175
2287287210
1318969795
619357720
483836307
2227556282
467649469
1413123404
399308300
2183234005
436689255
3045138066
1416231895
3293867331
915479678
3288297262
2941502554
2933951099
2553403926
326003290
2758156856
35582864
1160078844
2921579038
1012228940
1323948608
2729358696
415778658
920004925
2445305130
2753468399
534432929
106526149
2472014665
1636551278
187641987
1390065498
458481670
1025083626
1352279467
1710638594
1606305487
156434692
2591007998
2197696273
417044829
2265996827
1486066801
1433983435
3155447062
3145070173
2187674956
3053916771
1964377321
2539924636
2916507737
3004110245
2842592307
129038636
253017893
420464538
364449687
3298556648
336126732
1104868806
133792279
2208517695
996194606
462037570
329677614
2230578002
2481566592
2262635095
17363922
2894447381
2760084325
137329728
3088151627
354760211
3394717989
2164804688
213257106
398183203
2774971285
591285587
736478666
501416010
2447468747
2958743560
500051682
3324630838
579382545
489703185
115456873
572083935
3317952311
332429531
1525156501
323870386
3198164988
1428946154
1609182302
3023942529
2850686490
2932024605
239720295
90410786
506546621
2912865484
1222670221
85051586
245812963
212303724
1637695364
1937979571
3217418302
451567605
2962620694
289898329
1169020447
28618183
1330232456
39458583
2902718801
431560949
3094687913
2527647100
2356400074
3136990834
1699988982
2260405910
273617985
268528916
405109182
172460337
355218311
2366960854
1882365548
2602008939
3232856593
1083141710
3424282198
528676948
400066677
3189777586
3385043188
995936814
250335849
972680682
2261994248
95873084
307013823
453323463
3326925329
36951436
3397747552
3247613213
546809366
2342208408
3390554301
17020885
2171782696
3094798805
3266038517
1565320682
1375750488
983515616
239318076
159079599
341410158
2766655800
325082352
2794617206
2867718639
3392248155
243654110
2226719102
987359827
292525775
1514780204
982855706
1885415486
288800708
2166537162
1361081112
2288389142
1478477767
118778672
213810004
568566219
813310903
302837234
305122289
3312107176
1523185110
3019685709
155332832
3418805483
2374932140
600951807
2786121251
3314893599
1052976050
416473826
804198577
260695909
374158436
22033762
2318447293
1563873044
2236742198
2153505768
558540779
3278334580
578281945
3171564922
361175887
335406260
1303954526
147327650
153757464
2962018023
2242224277
2247940628
862143126
193658840
1474243488
3207941757
1693479198
1691297413
169169162
2385138778
206431106
1488730027
2854081888
2210269732
2921924679
2821230753
546346422
73880716
3402903399
1481617022
832673696
1483628570
3228542038
355727093
3427101310
3129047133
831759121
2967756490
701920944
903839366
428150275
2527041366
3256643841
2246175381
296451699
30513520
3390358935
578291575
3436698412
1119263396
2315065473
2982795287
3377069458
370684891
2740689064
3007190811
2176305047
170030161
2709759714
3040884173
2501959652
1093096496
1033885772
731406896
489389858
2785253476
95546298
2233342601
3037678431
1148652846
373521009
1603627640
1487903438
1924195364
244708421
540781351
2902613979
2361492868
1595626370
2283686750
83907824
1928547024
2211075841
1166424248
2291473118
436948493
22819351
567423746
3055205475
2211290521
3341341449
712974669
186480093
626381511
283580713
2378931367
811942160
2893842586
399474244
105915404
3674259616
247657963
334116605
2221633186
788958534
1731396468
423758180
3230355946
57631017
161961214
443778791
1514250799
633884995
2177750444
2612433900
3288804735
2804938085
2995265595
869770111
303725295
2722338223
2465646905
29731872
1015255350
1522287690
477060385
186569139
1894227630
289373969
195332905
2885416427
400356395
90882953
3157860147
1374847351
549569383
2814269901
470569982
19080151
348358296
478506186
541431763
2783964694
491131290
286646240
983160002
2845806021
117508441
228707791
405167635
384073289
20010655
2274622868
840490273
2388925982
426112620
134868053
2309424495
94900489
317756675
996969176
1480556227
889879512
2635845352
2884838195
449867891
1399040222
2912508221
383859099
1610632694
1870454689
279004577
1735605266
583685930
3147485446
3329340040
934399412
85268157
220000801
3294802790
27307216
466467171
3303042953
2970463863
3040899851
298526815
1620195036
2309766877
204669213
565497916
230142612
2328585596
324857898
2721815520
1474482020
2239640845
427721047
2871702354
1241886404
3151657930
1550589685
486964035
3142154537
476586579
2254039477
3251319537
3432928697
247052346
18924074
567297267
587410274
3239373725
415442978
277217676
1522171136
2258028126
794387778
2214647953
3322882529
2968474665
482379421
169609846
720214105
1255864453
210164324
331750168
2296894322
2346514067
48110601
2345545375
222487422
3422026473
319916940
355511977
230323734
974735124
355148411
2266399608
3391800821
2240583222
2693735797
517574019
1653676255
475699606
3020301772
2196334789
996093793
2371890000
2739471147
1951257584
2363273126
2921545246
274951451
890102654
2990476947
3395610837
924354284
955707828
1482267366
853996921
2220367224
3058561049
3218251353
191197447
322583305
278167691
2248546927
452304368
630944189
323939976
230712360
867668401
1734799783
342032747
2248500480
251290527
412206972
82393703
2897654986
327372957
3335939728
239476975
1389267428
296714084
96933660
201857121
460995958
3077439139
2306781212
3312046654
473780121
2507654592
499595164
2490484160
233261356
1504763851
75503329
3366334049
42065381
3305929756
391037009
2159335132
1580771516
1449609984
3143844220
2970474940
2262508428
121588342
107674624
1471097936
3365726951
2312426474
3490348156
2242256489
1597897027
3144845206
400032560
323451070
1611060738
102146672
2874779425
86627919
482354064
1713342199
2266454972
1697169955
2786865646
81161411
2365378849
287278342
214468104
205337628
3079503636
710786821
2776112008
2905340746
2269091621
614659332
3254561520
2852455593
309343035
2151598330
566073672
1570119979
2247028299
535243385
1327420454
2718339606
232996943
336209577
1635733694
146371359
385869818
493882536
224589783
1583824237
103121487
884385950
2654430431
861188730
3147893008
1618044763
988362702
181888141
2702082381
1306740954
2290042844
141335534
63722104
76427406
545394843
297989774
1106304565
2293207173
3482426657
3321088402
730846910
2739067203
79176661
2921986881
196933740
597601286
2826980953
3226027265
1472910950
3316081570
2907405028
339710402
445685504
3090378684
2920294187
1601981178
87691664
2831495398
2881485971
379252291
182562005
2830426058
118651552
3194758847
2719756028
3064903181
452966744
145668649
330905729
486538640
110192320
2165697031
719470312
3108621377
1478399167
113406216
425758887
3362792236
2722809128
993377972
2859266129
3257707500
1114519124
251335613
3293275184
220100802
2518673676
29995610
2834080605
334119817
303676546
3362600495
72034127
941047308
3344580041
2811705346
309128978
2214345217
2201968224
130854587
449093217
1521686706
2969877185
1859982902
1729010148
152654193
2981037257
227648913
75380177
2603587205
1077453840
259791746
332745718
2470536999
2765832259
1277932447
355687143
3419982664
1535658666
2893833365
3057800736
1568063772
287844507
2936787460
375177641
110962054
55829418
456830449
47351075
236073673
3389645158
2227654771
192498605
1037897437
452310163
2458173731
273396931
207640070
2186650557
1035572480
485996326
383982415
745261447
2862583055
2344101355
3300266884
3362127647
329578565
166740580
2948945325
1589476327
3826741486
345351900
2229186124
3057960253
454318663
3395377037
425121061
2998223451
1370568458
2982542211
3402304499
280668353
621328783
3137995603
3052658804
476903514
343600575
2811507766
558024490
2230508590
118187148
147289061
275159492
3331938461
246992340
2903018541
68586421
354826252
614451279
315860031
343990650
477194099
439526258
575648524
2874906301
631881674
1261259678
61895745
1533593575
2304826140
2348888425
2515191203
106868854
1685917634
2685720727
3296054977
2236362511
302310143
2883116037
2285693509
1859916211
2471402947
3196210637
2957668025
439309993
2312881846
1535005825
272094201
232840283
266626241
166691195
493091701
2976507227
3018390243
750166099
3039768195
360071783
105771629
2364531078
338361860
582155302
3404540243
2896718999
101266892
1082923046
2678355564
3201902488
2212278616
2853687357
354602807
1861394118
820020018
3345865786
419741890
1257363385
1688692525
2502384692
3001723921
431905510
3259943000
2948891769
120726690
34696997
3040616434
261848572
1643054906
3109077131
291701559
1024512242
290071053
968276462
398343053
86978338
908791669
196507468
176089987
609425750
3206357374
426353335
223619120
2770943949
3089999849
1134302798
2496192932
540261022
768131000
292527099
1126104667
1727723756
2999959635
3403162618
2449775418
340346382
390314453
404868337
2520869294
2328661903
749482819
319041408
2410712240
2478607057
224618853
396759467
427527201
575481458
335751847
2733499498
3058632695
1430883763
3328326912
2863203943
2247056450
2451897078
2575601650
173600261
3341531422
314524676
345958190
80955805
2915301365
1543102704
85405988
336430179
837395084
3313520397
3131488312
2822595694
357949858
851022283
3288877163
2377398578
1501247383
923228970
1526134123
3387116968
47135075
623498903
3035317523
550158626
1026230052
2834294127
2184297657
2328282888
1854428300
553089546
2992611807
1886537312
471254280
524380635
234572951
486019686
367377070
472411257
428637028
1358801052
3159941709
1147676316
167037475
378647262
3290969038
1974870559
1324343370
462763914
1104046632
146309905
3387616444
545546245
242432639
215546937
2571223596
3309004029
594846987
59483227
714398569
409397667
2231368646
3372684221
2774991741
2627878727
2849445657
3124602599
2719203379
971067416
629607587
2615993774
864664074
555325997
2881564125
70523542
299010189
2986323712
2779272455
1423983174
2799504263
3147052293
301518955
108645438
3111892030
322841643
2168333496
1571215813
1662509221
138974231
300201582
150955581
1723533722
311118058
125635702
3017776576
129435199
498580815
1470121208
2149695422
456571897
163838244
1327134564
104753567
890924084
2675007995
469597939
2258322012
2535967434
216320058
616247041
301040272
29188686
1172427500
167456248
69657304
323363947
3309687550
2548801638
3385211151
3085781847
3418830029
3314658544
259965422
101178182
436476086
2925655090
96344694
144773706
1198835713
195404360
3608677755
3314898609
2827157981
51404113
123641573
3070432743
3109642503
2848033745
426681229
408671559
634860237
420566171
3403122035
2826033275
2247882824
589198037
2158616502
2231599715
229011386
2851497717
1598683560
288944669
1492337430
472236508
1381461379
255928414
141736545
1619434093
501178919
2155716662
2456256110
288337563
2936976195
1547729922
388821075
2353503897
253147763
303389182
614156251
217472478
551290665
1475499896
2786266989
376960622
517736204
2257937622
2897598760
2873783735
2797001602
2519792715
2446242931
86505435
3311235394
782093396
2931910439
202325840
3024200164
455705762
938079283
2810911152
1348504495
2390005639
72578176
569165716
2474479553
3334831523
122800168
1077181999
490509409
213139892
2908300689
2344109268
580902009
3401695439
2969488835
302797604
404687826
1282961244
2234705240
397583624
146391501
2836840388
2158415090
1527416317
2604234517
913060657
2850340043
1422614347
204046411
369811902
3115500561
1310382122
2245036257
434953258
1897233158
234894945
2401171824
3295330902
1035573097
1627025557
570839504
1578399098
192327566
549130642
401255020
325725529
2902459654
1564241329
2420885972
1539775928
159443722
445595680
389161344
279608164
3165343090
2165324328
2455490070
2722070373
160869495
1930752817
2731534341
338059467
2946716789
555819058
326669885
953655361
88171998
1856754055
3059940154
85609142
1484661924
225016607
217916754
324856561
2216906314
198546243
3293569308
2827673206
131929546
73753575
1206246876
414208171
873115500
2661017294
2231743764
178311318
813602174
2816367153
21076328
813530198
1912384963
3294498963
2324347219
2440078525
297875547
145759558
304913732
3088416441
2753192992
2209486785
110717537
307518982
784473816
53894958
1248405931
212553657
1645968775
449729089
151651711
2612733135
2499195847
2857904085
1962128882
193312799
1547855318
240601558
2295985706
3386092091
3078190099
3381994721
1496453876
3391672059
465457873
92472618
552947453
625413948
3128673633
2500612429
143018675
520439832
2933165392
64718460
336979782
2451505850
1288496124
2850307120
355462656
96955327
164483421
3399879208
2155541058
3301429749
3269015582
237012360
536876293
3350932071
321053932
159504061
947874901
395153213
1401658136
2363013325
1490398830
330282862
2266208245
550980927
2670536635
705713137
308134736
2192024599
1865037788
720248768
424069971
557184850
410327805
483076556
64000527
773811853
2449607819
69123924
2948780129
2173369216
2779021911
332947254
3300902793
1926008137
142262790
239335554
97034161
3011373400
301291812
3317092990
633804318
3185049295
354946405
200115775
182152497
3355881981
398561136
1947546055
263176275
3197624823
258062979
2868241081
1475933197
776094950
299685754
2669559455
18881335
1248536413
2809235184
2681582562
918986876
459581128
1678721767
1667289188
3345794314
2153727547
2905134269
393450894
2933647055
3429816149
179891960
2731240198
2696904101
331769861
1489644792
3124973561
1391732863
2834858637
2786797751
2244569649
220359004
1541988056
379701051
910136738
865456958
199432340
714300671
2184127566
1461591620
2260577759
231001976
2862320171
107985150
544291072
222441290
226942589
413155245
48067815
429867228
458426059
3368601735
498896925
253996376
2863155277
3114270604
321317872
478468785
606216546
60547763
325835781
2250593709
345928857
206825160
466738290
257298549
360888944
2744836071
2949839363
308734909
390618490
382600867
2696935734
212908789
2877792939
2732459727
77016575
392364135
2824555104
2264819526
2279253223
3138861623
3315280229
295542502
2916263602
2197277655
3300267219
2343075243
2264291160
40947968
1645551804
2359115873
614209597
118865050
370004337
1176722790
3038611588
1512612816
236147417
3413399086
3148699450
450648054
1217791351
2344043144
180976481
3304591636
618949630
1898628756
3007441396
470206995
3372047949
1522581522
96122416
2247749335
30844519
536231132
149812824
2855151585
216819374
2831229303
606502851
1171481718
3088195709
501721853
1321522434
3087398937
398998297
3151223330
2770385692
2302192442
2885638462
2801977093
3074085098
1520485735
2887690213
2818878359
352622790
599029394
1573082078
2540928428
569412418
600222849
3432036435
764421626
3390720225
96123433
260149844
173734836
2919804190
338669398
2163360516
479984721
714016052
302651021
199455104
1718658560
1174477046
2435727949
2429356868
612491772
2529882078
3337356795
2316081570
36938482
38408060
275681846
2288571624
287162240
905616096
2191829708
2587989444
238776270
2958544343
189332635
400589594
109860140
2897593161
2836882956
453397328
159456192
2523141409
1604484884
2263903480
1071240570
110640997
490594544
63098067
1189684484
1611371996
2864214380
2474386453
703675518
3302784776
2706492935
476759804
2928508739
3061625565
2905658865
228784551
154231654
3251694287
2323708938
3218015957
3072158230
861217142
2426191574
70348414
1583069954
2497176877
1488610214
506583448
2207710804
64511106
1510157114
312161925
2809038917
2340437660
2283604634
3124438914
3404835898
346779249
2425744660
419405557
2484323695
383798169
2897665331
177542328
437051738
2735634095
3396842885
606335551
2914992471
108120892
187760786
226139278
2416138647
212980297
3408718126
2838187799
2745180901
463641228
3360275237
47916779
2863776395
99338939
2640391115
73066803
215737268
2965048895
74563410
343909718
2982387928
1555633002
1727931306
2163392496
2274905408
353310742
3389444067
2610161166
368587572
1473267404
2773914977
2585266646
587547516
3375329205
328704978
1924574485
163092710
364446541
304315868
99174564
1728451099
105219761
518637539
2832782099
3144650008
3315752541
2877927255
376882500
824855768
302012522
2961971835
497394537
1634200159
3124760585
2764609066
392748400
839551159
2435602595
857625648
398726521
203438215
202586359
2289885004
1270656002
3288467392
2847295295
3358552269
582155062
248593875
1615348128
2832087048
3072399537
74147069
130488429
1847448906
258458151
2731578872
1603244095
3309520983
1936738657
2724558035
1074191400
2860972916
3241537341
1283247816
3230380047
96978952
3049304245
258327605
71103637
2716004962
2805140867
2191230345
3315397005
173389846
416953223
3387814282
3400280121
481538774
1616141952
433404509
1935126926
356712272
115209705
188661847
1890632696
705175746
505066195
1249997203
1568740033
1411157300
1697162046
107399624
3027782027
20911354
2312328350
406297757
178101026
635363288
2802454472
1091539327
2200417779
3421927419
801190016
635822854
1551645085
2788264884
2827295454
366134685
1439599723
49946953
3293895801
2579413741
360538641
305816680
385867495
1879399867
1249247334
123231072
168342674
1108763539
854414354
3400492593
334182254
1972506757
2222338028
554331348
3347536443
3244923106
1488904561
202311678
800127943
2214949230
2738969145
3154517296
2934240113
1598138810
111120385
2646129823
488490031
1972523826
1926220584
390379605
115669086
70205802
231368025
3077077375
2741098593
1396506782
1681664802
2858501631
573245097
2208103440
372265664
179988211
349949177
2231816334
3417626158
3133508853
2213166937
1480365643
605283640
387918954
3372102946
2169680559
118431562
86113933
3298803072
3346999132
390709174
371416077
1686077124
1105712906
397153605
2383857810
2893804756
44348396
3032831608
804399799
3163019049
1509932269
2753873939
3394236046
485224060
3140982375
322860683
3121818580
104254703
228485953
2646165324
364444836
1511068974
267234474
3266257664
2272004676
2535773727
96905108
322310561
3008480613
3337871002
292250172
402866649
2342757877
3375614033
2295452601
2735261998
3115790063
227982748
3302578904
365060946
398065977
2195854845
485187061
480747409
3198165747
3133952080
413196471
351942279
3652869981
3351179146
2363813306
394756830
544398359
169596607
171614167
2831997783
114424313
36172679
350312859
2383721024
95706084
296225782
3062283701
707979438
452378335
3398844633
2402751334
547031888
801926196
215921498
377314772
791311490
3305444440
2264339166
1513195369
3091369696
1578321768
2612009235
2254932170
3375291897
3062825721
708852901
49315962
2285058554
2607550254
2848370489
1519219147
149497196
2158845772
3049280985
1272610711
731745457
3346289663
3235560825
2960669302
946613216
2880136249
3339527919
183943082
330960917
251347272
165093349
1441640948
2874961612
867093884
598247434
3190589409
2306244891
2506743838
1554352334
531096543
197936403
1724847774
2442311840
1354820684
493085714
123364175
947491106
330551709
1759896126
3241486749
108452974
3311830499
512515162
2422534124
897698437
3372227811
262061213
1076181126
3107914449
2991665573
1680553476
1048374644
151538989
2389471501
2827574837
1613772830
2982675731
2256737362
332906558
725979416
2157458588
2334183958
2843701035
943298593
369671369
2302742280
346459347
405015059
2245398367
869811624
154249115
2256324899
2617776812
2232829785
3288906045
2510296177
284476507
14612713
2627340200
326100506
279787840
2278801965
762233761
2850267227
2375267838
488285765
815628889
229833397
251599057
2340160631
405483427
1151887297
711651705
1551328297
473849846
77463059
386149355
2214325525
298729064
1004057166
1516662030
2948900554
333371051
2775067265
629703054
2302805659
3662735902
1648625052
1444497212
2560478777
467357126
495325443
525799003
2495371144
3384263367
3070143886
1307093719
2869676950
1151520924
2490281649
1513331912
337902281
519806741
1409625698
456437049
2712965905
314815983
819708480
2443877819
184480207
1549108464
552307042
3407050805
2427881784
465471758
2296029348
308626695
103910954
425394794
1357690879
623665457
364251122
3424816630
459071271
418267730
254210760
363885140
713883343
304514295
3355509869
3157827765
2756692289
254607478
215214043
2502579596
2181111963
431857099
2816194239
175454447
1528365013
499844563
1591495908
2474225629
145416731
2510780839
2799729941
2850631747
444077616
3390870886
1610601522
2772415540
467475696
2248506158
93221265
165343376
808974008
1501742696
840306830
866879624
285790584
2439964422
476898820
1331135821
2161725139
2575510054
208448273
2937688258
235917377
2982669520
18870766
2948833696
2655639641
54150130
445442857
2804301056
309277755
402893831
1180302530
2513289258
410698637
293734583
371395635
270022611
2800719695
2501663318
565598603
1527600265
622712352
917754128
2784697225
2730048435
1371502297
3310256775
1474348087
264150683
2960233383
83669126
50797952
2847072755
3296915951
612004566
89391855
1968250880
3152703291
2168758856
503434957
3432763119
3331840840
2772049749
605743417
2158392760
3190788994
482534228
1493973914
1581485268
2177957947
2296030598
3308493873
1639443588
96744941
398196674
395569756
2572142777
3116665911
111437703
484984384
1473512958
2483620920
2374337479
2516088829
711079060
293442041
3384273009
400897583
3039457696
608545974
705986000
1392345162
2819698281
2519743370
1501414075
624066303
106104377
3402723353
3116002581
1452117457
460435929
3130014243
1552421024
1927671576
2858515776
1170458268
362056518
82823216
2432356345
2497534509
717947180
333310322
1235908033
3312659711
3025292273
754775250
2584797956
2757942759
2382170311
1591589252
3404964203
3049632816
46637202
3301543738
1514821651
1977883884
3043044796
2850378253
3009166506
571150092
1416451790
210172646
1003813452
1083836808
1558299961
364440879
3355544524
93054708
84532640
1014911438
370150367
715728157
2813880274
3149484214
2194619416
2469499774
469221560
3299092306
3002219115
1834506918
121095372
2730961659
486565819
1598443087
100980247
1158682038
1594059998
1496591270
1874400511
2967576604
716982567
952981634
2823013150
1438121426
285030144
3130636977
2207436732
538296513
2160688460
2307912973
368169518
375742729
3253892855
2247904831
2275314554
129136593
736283288
2321311665
2901588199
2735053045
3131697850
3391497507
2871096891
3434913532
1863564234
763632175
2906318909
212548674
2690151158
472340776
1256922074
3413276326
1865032885
2218356110
3382954127
2958218333
1853261750
341198684
542004118
2497987705
2240391830
1955259362
297118417
1597789544
2987699609
342031866
2802150480
742766238
2850319257
3129297015
2593648993
347735542
551362418
2931694793
92085715
2869390306
205234969
1488230941
266050661
592465123
36629105
2451897866
1638412040
2830052921
1607715890
2683944839
2354700919
516894631
256523217
1558371589
2290136378
3098400315
486493121
428292411
263262311
431969214
488397602
2759217742
203046811
363322764
3355031649
62477560
313127382
454784715
3308284365
3302643016
3128952340
3332501506
954828043
614874281
1960960231
2405978002
2957194174
2822734563
1131806515
2207588420
2379789315
187904249
2784171811
69589842
2951437965
273979341
2385725528
995724439
286930068
1490672155
1097740952
66504437
812875860
571764460
239547713
2386358187
563539133
1531930052
1020199759
487325466
3303139979
3062646705
162338628
2788734147
494176510
3234181016
2884840777
559859881
2872518779
2644834091
1696698600
1061477708
2513272843
85289625
3730458136
298138063
239015572
1467694164
1784273298
634592345
2424332104
870365934
13789702
2909227425
3129907813
2264910895
615010504
1625757950
81843423
2190471621
49559333
256969897
448111647
176596086
1931320208
2846725413
3334519048
582671195
752264107
3329719143
456549656
149671828
715132925
2912430543
2226813415
3023958274
2887070877
519422432
411668632
481072309
86665649
2596768958
2779825228
3331755670
1351666483
3021822471
190949079
220431418
3120921176
2816316934
341497217
741067748
1578038862
1429994270
606358204
2871873867
3293755983
288291900
419803327
2830330230
3197118467
353085130
1691049500
1563521203
1640435053
2778084473
2276678508
237738355
374493174
1489831099
232945794
2455448772
507318758
1006638486
3344508353
114161571
477226000
792934297
2309256258
91099352
3201631727
2859679539
1299200952
2874233394
3060762437
1949522694
95234794
236871334
1038078139
3043567413
623157011
167788521
393083853
1158031561
3310337379
476232816
1570885406
2340973196
2223103482
388861264
228818602
365479705
1061449801
842317616
1474636628
1488092246
381389029
188885758
1530317976
1897976786
1478179471
542391527
3742281383
2739945052
2453619248
3406381534
2821155886
2246294674
106661445
2920099738
121245224
333927440
3186123983
283437420
430565534
2809044646
3028137706
209374336
2746580990
1369742294
2473624700
2230306034
2229929410
3101970076
386661580
2763528315
225752627
96360512
332945040
291138090
1300235984
2587855669
1857758689
791253576
2371344633
3351019889
490811595
700970016
421870100
2590645216
1472732952
2882435236
185235107
513025207
882648578
415411885
2553164876
2518442894
1547943294
279957685
1520049096
450116974
3036973618
458667011
429875081
468310829
2930350463
347809719
2438378941
459279287
994722061
91329513
3347499465
1326897404
2230063970
104189544
1449017977
956041362
2956725915
3317289040
2313947624
742688760
2284768838
3097825751
2593172955
157646610
71223726
252521366
3379038689
3258317242
935269093
2478391533
3142546401
3054715530
127545113
2284585083
946381548
1138000399
2370937602
3388053549
2348709368
3571240037
1493908628
1531444867
145004594
2344025456
2761999854
70881472
3341052148
3082489546
2628911182
595401991
396703669
2834128391
2784691308
3012784746
3400398827
1486184900
2713022290
768416402
427657159
3315467368
105250280
3322631645
3135107777
404869225
390997839
222109481
409827960
1089487940
2459516192
1613250338
1699410240
463082421
3292039718
2851811919
2323312834
279966296
96553757
2464413342
1740487729
2992273277
3336859529
59099720
289270197
212599144
261220136
229283626
1246625154
257406853
2793852854
463949208
3295800976
315748838
512421247
338244854
276024870
2921274131
1521701240
371743305
2212735225
3305841065
2902536454
314242561
538583549
1476934724
3402915411
60668913
2405046702
2765731169
1038152330
2927420993
3061763704
2229026168
371785120
2421594811
42210759
2463615638
1543106024
475826599
436509032
3129083555
232363283
2763811763
417986210
3421345493
749124398
284099573
2305929759
566601762
1623756920
52369778
1274890922
3429808593
886620218
39460569
476737694
516794171
2753463413
463202667
3402541407
2209293807
92781880
184094017
469610356
164790425
2259116896
290180076
2318704016
17983365
710628552
2149763567
335114400
929174406
3301438762
3209389630
962963192
110360755
2730092712
3366705622
455041508
1485058292
617213219
3405873430
2602168185
2691297886
369706501
3426315400
382640679
3006989727
2946983039
118488448
135348343
2539367683
215754517
363467804
97040667
584015089
3014223171
246408810
325671686
363253819
2469240457
2505485364
238690787
2978503629
1179763646
287910614
290699059
2300922960
388875509
714042379
110239754
575716530
2204385268
2169211017
2944026683
2222990339
3108466913
622346895
1601072094
250107520
1588129808
2717143967
20349023
1511700240
1462725750
2775867359
1972265863
2883360557
2459359791
859862072
3027088989
2570837483
188625662
155990140
2908537559
1265139024
593036862
479582813
555514346
2427491295
946702117
1323463861
2637069531
2740407997
137447830
2844071177
2172749372
3299703008
593075686
1013556289
326324263
554642687
381807176
17537467
3091723145
3126913587
49624389
224793185
1251280507
3026127652
3396124991
355242420
81999332
3030888524
1551385814
993364658
1229128386
385696788
3001063403
2876245125
416541386
148422918
3320586836
2960445441
2231426020
55499236
419687865
2831755424
2340821280
3289024504
1860629066
1135336320
1337509890
265969406
187859738
265682798
623813800
3538692376
308547487
3114063371
3150325880
206444203
303149020
435725661
2175114486
226590026
2807976943
2457026269
374793754
1413578106
257146833
184026055
269679756
208228258
1240077752
452167051
366224911
888790262
1458978216
621840893
2227195737
403645636
498647925
356499330
419519219
454718440
3422949437
334660787
3234031093
2950261354
346069348
187645760
2229469423
2974464617
564499313
2576068149
509058832
828025886
108345635
2296885844
17142064
500713859
892736622
171889516
1050733915
2438172109
2149165033
2844871392
216857445
2904930021
2216305742
1642596270
48315317
3342847930
835310353
1327896469
560501924
2301917758
3413687776
35751545
398741059
2184289166
2253873594
945535963
397239913
400749621
625409002
1049954953
208198513
2289802030
178276751
1638044378
2808453663
2483631042
326435361
2411492524
954267188
265868821
397924924
2370782978
2482858376
1125939048
1112103505
976194944
315984738
469190482
1362359084
2895057910
3431225351
925791914
3082025232
436875749
760380583
2188287693
2998148181
61050039
3178027821
461319330
523101184
1511101862
210174284
2785156179
3303116267
370707113
489310990
2181102383
2884105234
2924759849
3091728388
1977792278
2243188533
171553063
81670860
1307337626
2737554795
576231059
1500832646
423707536
95616954
3113839630
322816513
1091354204
2932775045
1450822334
475653255
159739193
993698162
390847285
1598798467
968374970
1675758770
3234508091
91403093
1729509324
1734937362
708070508
20994010
1317116292
2476074968
2731558642
1513145738
78258720
3397001739
266194310
352072657
2280958638
2838670203
254429468
2421187917
113305530
185134461
487734675
420702827
361366920
332646808
756812275
97210552
342353246
2656180976
391949429
2394451915
1696665516
236988476
174172001
890402468
135076919
3050520667
868466827
457862931
439098430
448989494
2328720929
3254113215
3091938477
450601261
2788013735
3044576270
3340997938
510112262
166711460
2887115885
576191919
2233755849
252985907
1222980674
1011931332
2978138254
2977114595
2990405807
1560508603
2319375018
363508026
2851143297
549241458
145201879
2156426029
579843299
2823548302
99132418
3056622448
2188267351
385656805
441067131
473364279
3290351465
1489944337
338986624
3248501435
3020659335
306310392
3041376184
2575064462
3356369728
2790912490
3042333952
298051290
2216170045
1030330627
2992455922
3234152502
3156652987
366742878
3158036758
1316323303
277384032
365950871
714335482
127320121
1474718251
3198507819
1493926916
255503038
1600833648
379767079
95051232
444021242
569478168
308625547
437771198
293109974
2440552664
2469058261
2949506639
736422546
3149308474
3290971850
2293029992
704779555
313479514
1056574590
531482271
454314449
3307879384
3575756356
1418160745
2415436880
2476994511
306166373
1417901964
2155205324
3400173533
133062984
368351403
1386643478
3120117472
93946105
30641677
469837669
3039257555
389087486
265795023
2349823273
2427695208
2427180918
3413582086
518316802
3147315670
1468227864
392738471
2887274627
36629265
1187043637
958599199
2754557727
2970131733
180338898
2248541895
2189075868
2528084559
3245268449
1578082825
3230879243
2613214415
2428733988
1408294633
2324128304
400703948
3300497986
2360792420
3093958562
247121081
488669140
3180265517
3149317209
425902884
632308321
145583284
2438241031
1455117540
198859248
288441724
3182190665
1483299756
2823317613
2960580652
2931021585
2355294621
3295590526
3056573804
1554233054
861784736
2267197400
587380657
2869125825
139198282
1557721236
182978952
1617663259
25300494
2967617620
2283941400
501111644
3133191406
189991294
935188135
2470862060
2400010513
543804360
229946009
3300521493
2953801510
2813390505
324761018
1468619406
3028089857
274115859
708984757
3338298293
2826531256
3186645832
2269410145
1435111080
3108807773
1056099690
2365775750
464186439
3088835865
1278356076
295216126
837395797
89407359
3309923481
3115265481
2274399720
1673675828
3311174254
916764116
2971850656
3093759351
529252052
2367788019
2331905587
3236542976
2430282864
290680978
3051132234
1657980030
266119696
3254744199
3070173701
3318534551
3039586629
2763943629
2321075826
140005190
1852301395
2206435143
1086733944
3134264681
2369370511
2879658359
2411166604
3309153340
18841086
223401306
1516642140
3305585488
453948496
403162423
2471732741
61420820
418988777
1531645224
2636989576
1898068646
234367623
159374570
2656469315
3240493421
55931558
534923058
3093765956
477967998
3107775161
2575072295
298420496
937928418
1655474942
2926914088
487660641
3134514717
234835535
2425831956
348969538
435713225
3295391110
431685975
223648892
3060195898
773522234
363668882
92228488
632921874
3245501236
3133367361
2219184740
299717804
102347995
397173386
77979777
302810710
1638806893
261213337
1136775710
1395583021
3340104179
477141373
1667019888
1398313700
2391584437
2760829047
61459857
2161784431
381499746
479002214
92289371
2889219268
324298343
2175861430
2501229938
2930380084
1512907189
413049824
108722820
2242689398
1480337244
326736769
197727842
1534842866
3206049900
1506556543
3310812095
321693960
604002627
2825894841
318675850
602098064
2250433248
187935280
1339363435
256000330
2820393501
2721640627
151500812
2907606317
2662686115
157776558
2425598824
155269276
370722387
2814755311
2898164351
1216740818
1492382737
1731656120
211646555
3138451690
256442158
2948707541
337634665
2341069697
2536970509
3152710312
3035225309
542763865
88051224
1596115681
2850598136
2989496431
2860005897
1935681498
3067362321
2585116138
1271980398
2734417245
1478321059
2889026057
2977061915
2820740140
2802896231
248655424
3221160586
3137052436
2312676440
2402005472
2849671287
458354151
409827769
1055987730
495171288
3094713861
2169778733
3159269224
160705185
386261169
2688444005
2966390097
1734803929
476129032
255904898
1043184234
3310601176
2957499202
2160287471
799876956
607215195
908305256
264763123
3307124392
485639704
549262995
2405594259
226884824
1063962373
614541245
346525975
3300662871
2738948925
338213819
1416025566
441644377
2282116112
307991571
428841793
2442256107
496123353
202295472
186013697
2819730768
125322253
740930114
177187090
3055703471
92986521
3126870176
3043554742
3129482685
2809094293
131137515
2813913383
324394039
3005418543
475262479
2901041026
1480651020
807622969
306300519
1613465966
400098623
2370511778
1319028218
2940995901
3228536823
349894042
332796294
537517677
529246050
3291576141
2450429919
3288249345
361400392
2282535014
704486834
2453029823
2155672412
2387361427
3131533629
296695166
261318029
2399962264
358965839
1592070637
1965375776
3300767441
3121899232
320159832
2870936938
2706954461
620935273
3291838887
2270585604
2666636011
2225934435
548543882
318384101
2823128829
336017300
1010175931
565516464
269379208
463622703
18607423
2830526400
82314509
895723237
200537641
57371793
273648929
2664962855
370285911
478234954
2265541635
428533317
90832668
548272277
61475946
367705932
229487149
121826958
2922868647
1694948700
50231784
1690515350
469393101
2569394666
228163594
471388637
2425986421
1593410155
2354363002
2816108855
2491450418
610705403
3300930309
2170741113
1219035668
2457616865
226915422
230884991
3056116541
2453476524
180441198
2200919997
333055199
3342833007
3091478521
545146690
2738840254
2866130302
943747681
2800740563
131816515
987000806
2977814471
301748327
152621713
2873735931
1480729566
2972683013
89165524
467310608
337580652
3308377246
2835531743
81055653
1074847350
2243848588
3262202255
1729773516
1155348974
1020184040
2489610818
602104395
249337809
3295197825
1919452183
257382963
2849619365
1473039127
1473199284
143748730
989512490
318066060
2507010778
199999545
1373158950
296853721
1369700779
3131488024
1686894834
2968219365
1208284759
3037950275
3331296370
254102505
1038138554
1625618322
3073976679
2567026829
2329930457
496762984
2956232351
377983356
1596554270
1104763698
3010462265
3337373938
2727112811
3138891399
2646530890
230435962
2734487861
1894132206
2747101510
469755554
2948707889
1476960972
3226957798
1286464922
293580185
2813740955
82957701
341594336
791930078
801979705
3147368051
2647809286
2821222025
3234270117
3312091571
352284402
1494088338
711294554
3027734419
3302546103
1531109664
3306133547
2796629637
3010107401
3147482706
2827549234
477870648
3021693017
980101447
78096961
2287455262
461099597
271368523
2574885724
76424015
2592851357
402345111
2710496708
968851322
1288644836
1517039612
2565938464
2219263779
3141527907
414128153
2789686678
794363192
2965856032
3160958913
266501657
459214435
3305157970
553894428
2732758276
1393301846
3306720514
449628989
2971370008
1454284777
3165872216
1931991457
373261104
2874121663
1716803791
709124770
21697228
1423939694
3342560219
3312284721
3044194166
3311201926
161037892
405387961
1009740732
1470586004
282090295
2837399020
342656294
832946244
3248173823
701472746
544330009
3115742345
635650158
2293151024
2401041170
434747238
2216268045
3339962931
1514589348
3236067383
2518761755
424566105
330507395
312229888
3111644488
321283148
250676182
2938935796
2703822957
1376392560
283601264
487660585
2824696965
539262532
1716638810
1421834126
1124374820
2832479888
460218055
1436707453
432800164
2930136232
221170045
2849840864
1238407723
247180060
3314946713
2495707426
3093245980
435022913
2819802593
3123673699
3084202864
408618373
288168024
2615424758
3306948435
3141884825
2775697943
613420465
2964721733
333339378
572708831
955939099
1511275538
189473615
349287474
2496096144
3088796109
603542476
3043381677
2464744725
2787238258
2927125245
2922916125
490417568
3061706681
3323565345
222153461
360857595
3028686497
204331196
812919912
2422198535
34970828
3342148618
3291734879
2700939031
269222535
1595242284
1506038366
3309758691
315389482
3311658345
2148815252
337945290
1625152555
2865384167
406139405
2661072491
3313100511
1409839926
386140416
297299276
326006982
575427124
934635102
1488196764
707047694
2830113500
66362260
1288647019
591742941
2857307968
2808943270
2950466013
391656851
2737183916
3159164668
517915009
2405960848
2787092860
162854803
118400345
612897440
21643400
2704423800
1335979652
557571130
195274292
429895867
458533827
1598654538
450977954
2720018981
3073962428
3242072848
1546626379
2984184021
3303636442
339845644
3313083057
170109701
2985888856
2329426460
3314942883
3310238908
295863505
2882277809
2780216635
2287233752
203207506
356454839
2447618674
3031735394
342957283
627270851
1160425063
626471115
1568551922
2799494937
2465327433
637009702
3131711229
3064360264
3107505562
1582846406
3043922668
86272073
613009782
296454539
399078759
3182229585
240627703
3075524397
462201842
387161389
1386624013
225326252
2773780093
3256247345
2255399330
3126719943
1015074896
354941385
422037961
2271813060
383660696
222564497
3067687198
3256636955
2571776029
202167226
3082398881
854201910
351094924
574115076
2355378832
2747987039
464638657
2912476473
272908929
531280323
107220280
2999682370
458785146
2846001693
2345745334
1952058576
235692936
1533899690
2762822781
108010600
3060099657
3288462490
2505209053
186149088
436556288
58459318
155510368
1290698029
460601641